2 0.650696 0.484044 0.011551 0.042738
1 0.433587 0.442391 0.015718 0.039610
2 0.403650 0.422946 0.014017 0.040474
1 0.371201 0.446856 0.011667 0.039898
2 0.369135 0.396803 0.012882 0.036874
1 0.366948 0.374549 0.008183 0.041339
2 0.329800 0.355824 0.011343 0.033849
1 0.324348 0.453399 0.013676 0.042210
2 0.339483 0.556939 0.013193 0.050336
1 0.180610 0.541140 0.018261 0.052181
4 0.241619 0.397159 0.013718 0.039923
1 0.270680 0.334023 0.010873 0.036491
2 0.222363 0.361030 0.013210 0.037033
0 0.234517 0.362314 0.003386 0.005703
2 0.228517 0.348108 0.006595 0.034749
1 0.163722 0.364670 0.013880 0.040732
2 0.130293 0.350267 0.007494 0.040093
1 0.019617 0.340193 0.007772 0.041451
2 0.006460 0.384939 0.012921 0.047403
1 0.028077 0.460576 0.015828 0.048027
4 0.648493 0.774483 0.018267 0.058919
1 0.334291 0.351644 0.009933 0.030649