4 0.826246 0.588198 0.008095 0.038007
2 0.582529 0.546922 0.007172 0.038888
1 0.578405 0.515524 0.011117 0.037932
4 0.583246 0.491777 0.006813 0.030601
1 0.589253 0.497993 0.006275 0.021994
2 0.529994 0.499746 0.008606 0.031876
2 0.449309 0.489067 0.007172 0.034107
2 0.429855 0.535287 0.008427 0.040482
1 0.368714 0.534490 0.010220 0.040163
2 0.298518 0.549153 0.012551 0.043351
1 0.292242 0.501499 0.006813 0.036019
2 0.244818 0.483649 0.010579 0.034744
1 0.212095 0.523493 0.010041 0.041119
2 0.212992 0.509627 0.006096 0.034426
1 0.177670 0.485402 0.009682 0.035063
2 0.174980 0.507077 0.010041 0.039526
1 0.137865 0.545009 0.011475 0.047813
2 0.173546 0.570669 0.013627 0.046220
1 0.192193 0.583578 0.013268 0.052276
4 0.054670 0.432329 0.006455 0.029644
1 0.487849 0.481844 0.008804 0.037824
1 0.449131 0.527493 0.015111 0.038427