4 0.373575 0.363540 0.007019 0.031945
4 0.597753 0.645909 0.012510 0.054095
2 0.645798 0.366825 0.007376 0.034616
1 0.628439 0.304478 0.006629 0.022425
2 0.480461 0.477068 0.011315 0.041638
1 0.462074 0.441564 0.008033 0.037012
2 0.456304 0.395098 0.005771 0.036610
1 0.460037 0.402541 0.008486 0.035805
2 0.423717 0.338072 0.007355 0.026351
1 0.418908 0.363920 0.013125 0.032989
4 0.121232 0.337285 0.007224 0.024449
1 0.149571 0.376181 0.009168 0.034575
2 0.210832 0.375317 0.012225 0.032352
1 0.190759 0.471261 0.011252 0.039020
2 0.202081 0.581406 0.018059 0.047417
1 0.366418 0.432735 0.010280 0.038526
2 0.352596 0.321850 0.009030 0.025684
1 0.346136 0.320491 0.006112 0.026919
2 0.341899 0.380997 0.009307 0.031364
1 0.329675 0.359511 0.008752 0.030870
2 0.305989 0.331358 0.007779 0.026919
1 0.276887 0.362351 0.012919 0.029141
2 0.273258 0.328411 0.008059 0.024993
0 0.268199 0.340748 0.003134 0.005094