1 0.669437 0.536008 0.007435 0.038549
2 0.558616 0.657301 0.009448 0.039926
1 0.473893 0.653171 0.011616 0.044883
2 0.434397 0.591905 0.008209 0.043506
1 0.416043 0.592180 0.010222 0.041303
2 0.411242 0.563544 0.009603 0.040752
1 0.422084 0.525958 0.008674 0.037173
2 0.450583 0.513154 0.008674 0.035796
1 0.401871 0.480525 0.008829 0.031666
2 0.306926 0.422563 0.010377 0.031390
1 0.300343 0.484380 0.011771 0.032767
2 0.321175 0.532429 0.014095 0.034144
1 0.257440 0.557899 0.012701 0.039375
4 0.218718 0.565884 0.010222 0.041028
1 0.155060 0.522241 0.015489 0.039100
2 0.230490 0.679605 0.013630 0.047085
1 0.280776 0.762758 0.013812 0.053022
2 0.100582 0.497404 0.010934 0.035869
1 0.055869 0.658002 0.018354 0.047902
4 0.556606 0.797432 0.012140 0.049850
4 0.023132 0.384707 0.008591 0.029389