2 0.704876 0.261794 0.010790 0.048082
1 0.032090 0.566977 0.019423 0.070366
2 0.079470 0.477253 0.018834 0.062519
4 0.412610 0.578885 0.022282 0.064151
1 0.337286 0.419777 0.009858 0.057026
2 0.340576 0.325514 0.008688 0.049078
1 0.267875 0.217215 0.007320 0.041085
2 0.289364 0.274009 0.009934 0.046476
1 0.157135 0.373730 0.015303 0.054933
2 0.087845 0.373792 0.014065 0.054519
1 0.205366 0.301765 0.011875 0.049805
4 0.029778 0.314913 0.011537 0.049324
1 0.049348 0.310886 0.010900 0.050582
2 0.059788 0.263764 0.008423 0.043410
1 0.042447 0.253509 0.009413 0.042026
2 0.014357 0.200758 0.009377 0.038389
1 0.057071 0.212841 0.011528 0.042671