2 0.293300 0.473481 0.011082 0.037855
1 0.338252 0.505359 0.011830 0.040068
2 0.169587 0.657220 0.015939 0.044496
1 0.189573 0.654010 0.013573 0.047816
2 0.225684 0.656556 0.016063 0.044053
1 0.292054 0.727395 0.014071 0.050694
2 0.316585 0.694411 0.017059 0.050251
0 0.321130 0.648476 0.004483 0.007969
2 0.344167 0.630358 0.009692 0.044650
1 0.405566 0.606609 0.015339 0.038807
2 0.390311 0.529445 0.010957 0.038507
4 0.428743 0.572073 0.008765 0.044051
2 0.371488 0.467350 0.008154 0.035076
1 0.377203 0.464179 0.009101 0.036500
2 0.437668 0.439263 0.010047 0.034558
1 0.447387 0.461073 0.010557 0.038830
2 0.594935 0.434400 0.011462 0.037357
1 0.613083 0.406502 0.009753 0.034884
2 0.582232 0.580987 0.011609 0.048991
1 0.741364 0.452770 0.010877 0.041438
2 0.842212 0.553326 0.016161 0.049173
1 0.892870 0.598216 0.013985 0.052211
2 0.949044 0.471970 0.010722 0.044476
4 0.481469 0.315013 0.007263 0.026717
4 0.944687 0.794865 0.016311 0.059446