2 0.798448 0.726661 0.013556 0.055829
1 0.828484 0.518567 0.011525 0.046455
2 0.851934 0.450000 0.009585 0.035906
4 0.917717 0.422919 0.007417 0.039355
2 0.965632 0.358066 0.011838 0.034648
1 0.996675 0.341512 0.006650 0.034391
2 0.939790 0.302372 0.008373 0.026948
1 0.832381 0.351008 0.010394 0.031312
2 0.803869 0.351008 0.009673 0.033365
1 0.709092 0.388992 0.010972 0.031312
2 0.729087 0.440708 0.009673 0.036188
0 0.739048 0.440579 0.005053 0.008726
2 0.732985 0.477409 0.011405 0.037728
1 0.691407 0.435446 0.009095 0.041064
4 0.651490 0.303912 0.006930 0.028488
1 0.612438 0.384373 0.009095 0.033365
2 0.483776 0.584658 0.012845 0.045958
1 0.422519 0.457916 0.011079 0.040820