1 0.313926 0.318571 0.010436 0.044783
2 0.584314 0.405653 0.015756 0.040642
1 0.625479 0.401946 0.012821 0.038720
2 0.627874 0.328489 0.011431 0.040093
1 0.661845 0.482234 0.017629 0.052031
2 0.648666 0.569560 0.015917 0.042903
1 0.670146 0.553129 0.018827 0.050814
2 0.686406 0.681989 0.024646 0.056595
1 0.704035 0.693248 0.018485 0.062072
0 0.712488 0.718579 0.004940 0.009367
4 0.776833 0.437074 0.014141 0.045086
2 0.829245 0.474099 0.014141 0.046999
1 0.818332 0.548832 0.014448 0.052190
2 0.931756 0.647795 0.024563 0.052332
1 0.982734 0.563405 0.017350 0.054758
2 0.913723 0.438292 0.010332 0.046441
1 0.868690 0.266566 0.013061 0.038470
4 0.673643 0.184423 0.009176 0.030815