2 0.337475 0.450016 0.008599 0.033663
1 0.536628 0.418325 0.009469 0.036993
2 0.556005 0.440771 0.006839 0.036786
1 0.574120 0.375976 0.006340 0.033221
1 0.592688 0.338953 0.006431 0.033743
4 0.596373 0.309009 0.005355 0.027314
1 0.640766 0.344654 0.006110 0.030040
2 0.681411 0.344527 0.012745 0.029955
1 0.684351 0.437157 0.010632 0.037175
2 0.745915 0.474293 0.007147 0.037881
1 0.926774 0.455909 0.008868 0.038683
2 0.905165 0.335170 0.010784 0.033601
1 0.917285 0.370098 0.011069 0.037089
2 0.936669 0.370460 0.007192 0.037634
1 0.833257 0.385606 0.008725 0.036583
4 0.824021 0.366726 0.006859 0.037332
2 0.836943 0.309472 0.007248 0.032184
1 0.762850 0.311044 0.007675 0.029884
2 0.826865 0.301329 0.004409 0.030495
4 0.942011 0.790272 0.013894 0.057945
1 0.606003 0.345220 0.007753 0.030862
2 0.805822 0.348730 0.007041 0.032400
1 0.700564 0.301089 0.006111 0.028323