4 0.766407 0.198948 0.011865 0.032442
4 0.842695 0.466522 0.012384 0.048654
1 0.954965 0.444184 0.012577 0.046554
2 0.890828 0.500651 0.016253 0.048380
1 0.897733 0.380880 0.011337 0.046721
2 0.898334 0.330648 0.013054 0.040919
1 0.861485 0.289055 0.010755 0.037395
2 0.870602 0.227979 0.010868 0.035128
1 0.806606 0.340306 0.013176 0.040341
2 0.829924 0.425470 0.012019 0.047416
1 0.805724 0.394628 0.012325 0.043610
2 0.753418 0.365204 0.014446 0.043442
1 0.731979 0.348811 0.012141 0.043715
2 0.719607 0.384398 0.016752 0.040846
1 0.753355 0.269998 0.009654 0.038012
2 0.731438 0.466523 0.015599 0.046828
1 0.793223 0.594001 0.014856 0.051622
2 0.359526 0.301535 0.009190 0.044604