1 0.987861 0.575697 0.014384 0.054795
0 0.949508 0.278522 0.004787 0.007780
4 0.933616 0.300425 0.010728 0.039557
2 0.945834 0.274995 0.010132 0.036732
1 0.855936 0.439582 0.013907 0.042383
2 0.783421 0.374242 0.011126 0.038851
1 0.740409 0.439406 0.011722 0.043443
2 0.899413 0.236920 0.010050 0.033007
1 0.831193 0.237979 0.009879 0.031493
2 0.780263 0.272803 0.008857 0.033310
1 0.764763 0.298997 0.010561 0.037852
2 0.714429 0.262053 0.008006 0.031796
2 0.678999 0.270684 0.011072 0.032704
1 0.671760 0.315955 0.008517 0.037247
2 0.683939 0.359107 0.009368 0.038155
1 0.664691 0.350628 0.010050 0.038155
2 0.663493 0.416137 0.013473 0.042537
1 0.393063 0.372002 0.008128 0.034380
4 0.681051 0.213011 0.005294 0.024004