1 0.389492 0.539572 0.007862 0.034106
0 0.392637 0.549729 0.002411 0.005964
4 0.552783 0.455016 0.005445 0.016507
2 0.556937 0.508259 0.007889 0.022216
1 0.554471 0.577579 0.010067 0.035323
2 0.563479 0.545789 0.010597 0.032968
1 0.585069 0.549557 0.010862 0.031084
2 0.585202 0.579228 0.012716 0.034852
1 0.629276 0.481967 0.007767 0.022223
2 0.641595 0.503219 0.008131 0.030206
1 0.661680 0.507642 0.006068 0.028264
2 0.629701 0.519508 0.004976 0.030853
1 0.625393 0.525981 0.009224 0.029990
2 0.631825 0.546694 0.008253 0.033442
1 0.634374 0.557805 0.008738 0.034089
2 0.701608 0.502248 0.007282 0.026969
1 0.730614 0.520587 0.006311 0.029127
2 0.759073 0.542379 0.008617 0.035168
1 0.758709 0.486498 0.009102 0.026969
4 0.795239 0.525226 0.011287 0.030637
1 0.819330 0.540005 0.010437 0.035600
2 0.803007 0.489518 0.007889 0.028264
1 0.836138 0.503974 0.009345 0.030421
2 0.838869 0.569456 0.009466 0.036678
4 0.882514 0.769647 0.012314 0.060985