1 0.364506 0.420225 0.009113 0.034299
4 0.583169 0.302365 0.005172 0.025682
1 0.619458 0.335093 0.007885 0.029761
2 0.620792 0.370462 0.009341 0.030193
1 0.591238 0.380029 0.008266 0.033757
2 0.609572 0.466776 0.011448 0.037664
1 0.617731 0.479643 0.011711 0.034389
2 0.722739 0.529245 0.010073 0.036046
1 0.729724 0.421216 0.009133 0.031419
4 0.733757 0.374825 0.009370 0.030154
1 0.778474 0.346779 0.007473 0.027624
2 0.816167 0.419295 0.008392 0.033722
1 0.820363 0.408667 0.010117 0.033313
2 0.834452 0.351586 0.011583 0.029479
1 0.884868 0.353754 0.008779 0.029479
2 0.804391 0.347790 0.007554 0.030627
1 0.789651 0.310202 0.006080 0.028171
2 0.715043 0.357376 0.008875 0.030069
1 0.698443 0.347910 0.006995 0.030069
1 0.695989 0.320346 0.008561 0.025429
2 0.930161 0.423406 0.009806 0.032875
1 0.960982 0.533612 0.008406 0.040098
1 0.689062 0.317863 0.006856 0.025996