1 0.368383 0.510564 0.012197 0.047705
2 0.463034 0.504059 0.013173 0.047416
1 0.424653 0.365281 0.010571 0.038164
2 0.344344 0.410784 0.010555 0.038204
1 0.336309 0.391851 0.007987 0.033132
4 0.322189 0.393541 0.007892 0.036513
1 0.313869 0.325248 0.007607 0.026709
2 0.217213 0.384835 0.012456 0.031611
1 0.200003 0.415517 0.009794 0.037528
2 0.187007 0.385082 0.009502 0.035427
1 0.140685 0.450187 0.008182 0.039884
2 0.149725 0.506846 0.013857 0.044342
1 0.202183 0.514940 0.013989 0.044576
4 0.191626 0.330158 0.008481 0.025575
1 0.393270 0.310466 0.008429 0.024451
2 0.495823 0.331087 0.008974 0.026305
1 0.465224 0.406446 0.007414 0.035148
2 0.472193 0.402668 0.006722 0.037081
1 0.579055 0.362159 0.008897 0.030228
2 0.654876 0.374022 0.010083 0.039190
1 0.666986 0.391860 0.010577 0.035500
4 0.788393 0.600567 0.016090 0.054732
1 0.439862 0.298426 0.007308 0.026174