1 0.437971 0.452837 0.009474 0.036580
2 0.622751 0.456648 0.012201 0.040168
1 0.650994 0.556666 0.011749 0.044185
2 0.690648 0.601654 0.012879 0.043381
1 0.676300 0.498423 0.009490 0.044185
2 0.695166 0.448012 0.011523 0.038963
1 0.700024 0.407041 0.008586 0.038159
2 0.721715 0.380731 0.008586 0.033741
1 0.730301 0.412062 0.009490 0.034544
2 0.774134 0.487577 0.012653 0.041774
1 0.789046 0.544415 0.009490 0.043783
2 0.831298 0.443594 0.010393 0.040569
1 0.750071 0.356028 0.007908 0.032536
4 0.735158 0.302203 0.008360 0.030126
1 0.862478 0.348195 0.010845 0.031331
4 0.952642 0.435737 0.011954 0.039026
1 0.971986 0.632414 0.011520 0.052937
2 0.981767 0.322908 0.011520 0.033617