2 0.693470 0.574986 0.013753 0.044703
1 0.576487 0.474457 0.008465 0.042571
2 0.586201 0.439976 0.014645 0.037164
1 0.572528 0.415992 0.012701 0.038460
2 0.615907 0.350158 0.007193 0.031377
1 0.657924 0.411205 0.009569 0.037109
2 0.483244 0.470938 0.010326 0.038514
1 0.446988 0.469876 0.007679 0.038800
4 0.471614 0.466592 0.008430 0.039005
1 0.408261 0.480521 0.009176 0.039655
2 0.442234 0.395410 0.008120 0.032592
0 0.475073 0.336366 0.003784 0.006420
2 0.483616 0.327470 0.008546 0.027840
4 0.437680 0.314364 0.005906 0.026582
2 0.409219 0.424086 0.007554 0.035428
1 0.396869 0.425456 0.011182 0.034456
2 0.376149 0.454312 0.010027 0.035843
1 0.335287 0.449948 0.010062 0.035463
2 0.313416 0.440556 0.010928 0.037840
1 0.326527 0.447350 0.006393 0.035419
4 0.860665 0.780746 0.012871 0.058223
1 0.330272 0.455365 0.007382 0.037343
2 0.376469 0.427155 0.007230 0.034502
1 0.371979 0.465715 0.006621 0.040184
2 0.369391 0.456582 0.010274 0.033013