2 0.307460 0.432876 0.006290 0.037451
4 0.550373 0.301086 0.008486 0.024494
2 0.584119 0.303837 0.006490 0.025382
1 0.561455 0.333479 0.007488 0.024672
2 0.558011 0.376167 0.008387 0.033014
1 0.541986 0.419120 0.007288 0.032659
2 0.592755 0.399063 0.010383 0.030529
1 0.604636 0.385130 0.007189 0.031772
2 0.624005 0.414860 0.014577 0.031594
1 0.661546 0.357707 0.007987 0.028399
2 0.728389 0.391520 0.010084 0.025737
1 0.759639 0.329042 0.006490 0.028577
2 0.840560 0.381048 0.011582 0.026092
0 0.842308 0.398442 0.003494 0.005857
2 0.912646 0.482042 0.011382 0.037806
1 0.755147 0.476007 0.007887 0.035322
2 0.699186 0.474410 0.007788 0.038161
4 0.649465 0.493136 0.008387 0.036919
2 0.658650 0.511773 0.008586 0.033369
1 0.543327 0.476450 0.009628 0.033210
2 0.512720 0.500080 0.008622 0.036787
1 0.545231 0.565925 0.010562 0.037425
2 0.581385 0.649923 0.014401 0.042611
1 0.803655 0.653387 0.012254 0.043569