1 0.036541 0.594642 0.015542 0.060622
2 0.048662 0.420611 0.011947 0.051962
0 0.104835 0.551141 0.005425 0.008726
2 0.117688 0.541669 0.015759 0.052243
1 0.162122 0.545228 0.018084 0.050635
2 0.162349 0.496315 0.008977 0.046272
1 0.179367 0.495799 0.018342 0.048683
2 0.142985 0.370712 0.010480 0.037414
4 0.271939 0.479283 0.015249 0.048288
2 0.320395 0.456648 0.010663 0.044884
1 0.251425 0.388155 0.010867 0.038098
2 0.354416 0.451736 0.009280 0.043562
1 0.366424 0.545517 0.009850 0.051667
2 0.378757 0.545879 0.012374 0.053838
1 0.412192 0.487398 0.014466 0.048579
2 0.445658 0.667993 0.012188 0.056418
1 0.445203 0.597001 0.013874 0.049811
2 0.418085 0.626871 0.019099 0.056698
1 0.374706 0.703749 0.014325 0.059260
2 0.178932 0.623845 0.013920 0.057534
4 0.571028 0.770213 0.016965 0.062556
2 0.652462 0.509210 0.011179 0.045220