0 0.833970 0.617946 0.005338 0.009990
4 0.650234 0.304609 0.006739 0.026780
4 0.829477 0.430536 0.018324 0.039304
1 0.740047 0.403448 0.010756 0.038950
2 0.683780 0.379370 0.013345 0.034701
1 0.684029 0.352693 0.008862 0.027380
2 0.624526 0.353021 0.008973 0.030255
1 0.614625 0.401979 0.008664 0.034381
2 0.544735 0.429574 0.010626 0.037390
1 0.592440 0.513946 0.015445 0.043914
2 0.796902 0.605329 0.016905 0.042186
1 0.734708 0.515167 0.018456 0.041083
2 0.688722 0.482217 0.011787 0.036947
1 0.893950 0.512697 0.018633 0.042591
2 0.849797 0.491196 0.014120 0.040739
1 0.848813 0.470930 0.012384 0.037653
2 0.972453 0.411826 0.016851 0.038849
1 0.978596 0.372590 0.016090 0.034983
2 0.982782 0.342052 0.012720 0.033051
1 0.383732 0.470305 0.010398 0.039784