0 0.847730 0.493509 0.003947 0.007018
4 0.924044 0.433326 0.011693 0.039266
2 0.941534 0.453404 0.008895 0.042109
1 0.981711 0.369185 0.009295 0.036068
2 0.866503 0.368205 0.009118 0.034622
1 0.833794 0.416912 0.012393 0.037612
2 0.822906 0.445554 0.009383 0.039501
1 0.855748 0.478839 0.008144 0.041232
2 0.797182 0.553852 0.010648 0.043944
1 0.765935 0.494583 0.008493 0.044846
2 0.748369 0.788208 0.013820 0.055839
1 0.944993 0.638399 0.010051 0.050415
2 0.926686 0.539324 0.009333 0.043714
1 0.614900 0.591204 0.009611 0.049920
2 0.725430 0.416650 0.011307 0.026468
1 0.682179 0.366562 0.008104 0.037524
2 0.579470 0.427036 0.011496 0.041879
1 0.544511 0.454509 0.009800 0.042549
4 0.576266 0.315799 0.008481 0.030498
1 0.369471 0.480732 0.009060 0.046495