1 0.322976 0.459511 0.013959 0.034987
2 0.391169 0.616544 0.018078 0.048819
1 0.409705 0.493684 0.008925 0.042309
2 0.501812 0.463173 0.012357 0.035800
1 0.421032 0.499176 0.013273 0.037834
2 0.449179 0.457681 0.010527 0.037834
1 0.476983 0.430627 0.009382 0.035800
2 0.493116 0.410896 0.009611 0.035393
1 0.563255 0.409879 0.008467 0.030918
2 0.600212 0.388928 0.010069 0.034580
1 0.455930 0.444866 0.007552 0.039055
2 0.500782 0.395030 0.011671 0.032953
1 0.508792 0.380181 0.009840 0.029291
2 0.563827 0.446086 0.018307 0.036614
1 0.691060 0.552877 0.018765 0.047598
2 0.727789 0.450358 0.011213 0.041089
1 0.785227 0.460935 0.014417 0.041903
2 0.625270 0.424728 0.014417 0.039462
4 0.575841 0.469072 0.009840 0.042716
4 0.546321 0.312242 0.008009 0.027664
1 0.873761 0.529701 0.014062 0.050490
2 0.892786 0.432888 0.011305 0.043137
4 0.888788 0.789502 0.015441 0.059313
2 0.462028 0.441882 0.007445 0.036627
0 0.566427 0.453116 0.004328 0.008618