4 0.795055 0.311865 0.008578 0.029602
4 0.852577 0.466829 0.012110 0.048889
2 0.961912 0.855517 0.027225 0.087011
1 0.969560 0.502036 0.018048 0.054382
2 0.814164 0.660559 0.016824 0.070152
1 0.712025 0.517584 0.011087 0.050242
2 0.454260 0.433837 0.010870 0.038262
1 0.766364 0.373732 0.008800 0.030969
2 0.750436 0.383311 0.010218 0.035170
1 0.749985 0.410924 0.010910 0.041653
2 0.734336 0.463546 0.012520 0.049602
1 0.715646 0.488391 0.011268 0.049690
2 0.881176 0.434817 0.013201 0.044954
1 0.945770 0.364723 0.014489 0.035980
2 0.887124 0.383735 0.010809 0.045384
2 0.869958 0.315044 0.008101 0.031990