2 0.374431 0.304595 0.010781 0.042877
1 0.573557 0.445247 0.016081 0.041467
2 0.563271 0.577245 0.017675 0.049193
1 0.849221 0.561573 0.011630 0.054905
2 0.944068 0.388505 0.008780 0.044499
1 0.934661 0.332451 0.009361 0.043591
2 0.919408 0.299890 0.015288 0.035965
0 0.900871 0.324718 0.003856 0.006743
2 0.873045 0.325944 0.009350 0.030547
1 0.801715 0.288711 0.011424 0.037627
2 0.819352 0.251796 0.010382 0.032638
1 0.764856 0.300861 0.009941 0.036273
2 0.743631 0.329188 0.009019 0.037912
1 0.772482 0.368456 0.009137 0.042131
4 0.796556 0.368270 0.011724 0.042206
1 0.741437 0.473217 0.012944 0.039659
2 0.640086 0.381903 0.008317 0.042695
1 0.638323 0.349539 0.011843 0.041226
2 0.654793 0.338033 0.008648 0.042303
1 0.665837 0.306453 0.011567 0.038876
2 0.687688 0.239039 0.008330 0.034527
4 0.701563 0.186405 0.009495 0.030690
2 0.738074 0.200570 0.011305 0.032901