2 0.469148 0.374092 0.011185 0.037962
1 0.549308 0.474119 0.011524 0.047603
0 0.617605 0.437362 0.004406 0.007833
1 0.666413 0.344868 0.009829 0.037359
4 0.687258 0.286419 0.005423 0.027718
1 0.766402 0.688934 0.015930 0.072308
2 0.913165 0.485869 0.012541 0.049411
1 0.839953 0.437061 0.010507 0.047000
2 0.755725 0.427118 0.011524 0.039167
1 0.780335 0.353512 0.008536 0.034396
2 0.775535 0.347731 0.005781 0.034685
1 0.891061 0.387716 0.010658 0.040787
2 0.864505 0.341629 0.012465 0.034685
1 0.822233 0.311922 0.009213 0.032437
4 0.950405 0.401686 0.013007 0.044962