1 0.364964 0.645124 0.017069 0.042884
2 0.373856 0.522651 0.009097 0.040340
1 0.391386 0.466139 0.010426 0.040340
2 0.393890 0.438610 0.009710 0.035797
1 0.428029 0.473953 0.013594 0.035615
2 0.443820 0.478859 0.009812 0.035615
0 0.458051 0.491173 0.004468 0.007443
2 0.475779 0.543689 0.010485 0.040516
1 0.507928 0.532906 0.014645 0.041440
4 0.437564 0.421988 0.009445 0.035278
1 0.387131 0.392179 0.009272 0.034508
2 0.403379 0.402347 0.008492 0.035740
1 0.413648 0.400498 0.010485 0.034200
2 0.425129 0.376389 0.012998 0.033429
1 0.363951 0.345501 0.008146 0.031735
2 0.299228 0.386780 0.010120 0.034244
1 0.471088 0.351263 0.008130 0.031972
2 0.478109 0.385352 0.007555 0.031826
1 0.516212 0.404549 0.008705 0.035476
4 0.491275 0.229512 0.008185 0.022053
1 0.594953 0.418220 0.011497 0.038515
2 0.607115 0.491983 0.011575 0.040323
1 0.635545 0.534948 0.017441 0.042547
4 0.884340 0.687727 0.011595 0.055315
1 0.780241 0.372437 0.007119 0.038406