2 0.373188 0.488277 0.011628 0.041031
1 0.559749 0.611093 0.013371 0.045300
2 0.601250 0.607281 0.012614 0.048440
1 0.627993 0.510177 0.009587 0.044403
2 0.659781 0.501431 0.009587 0.042160
1 0.669747 0.436173 0.013371 0.039918
2 0.726260 0.394685 0.010848 0.036778
1 0.671765 0.732416 0.014885 0.054719
2 0.708473 0.723221 0.014128 0.053373
1 0.794310 0.590331 0.018307 0.049205
2 0.795073 0.610284 0.013294 0.048043
1 0.797797 0.430704 0.010461 0.042231
2 0.825911 0.434966 0.011769 0.040682
4 0.897503 0.508774 0.013730 0.044943
1 0.961873 0.562709 0.016054 0.047067
2 0.929272 0.723807 0.013903 0.059633
0 0.976038 0.596220 0.005555 0.009875
2 0.988637 0.609828 0.022083 0.051542
4 0.694403 0.305754 0.006723 0.029446