4 0.688309 0.673375 0.014776 0.059106
1 0.627555 0.407221 0.007288 0.036919
2 0.450587 0.418137 0.008187 0.037096
1 0.432275 0.348364 0.009364 0.026139
0 0.426731 0.359973 0.004353 0.007009
1 0.357241 0.352233 0.007146 0.030665
2 0.282823 0.319669 0.006160 0.027161
1 0.302084 0.387571 0.008378 0.025700
2 0.299538 0.400130 0.008214 0.031542
1 0.304302 0.520455 0.009857 0.047604
2 0.005538 0.423006 0.011075 0.039349
1 0.046381 0.359479 0.009976 0.036163
4 0.020700 0.320268 0.010366 0.028958
1 0.101014 0.339804 0.007326 0.032837
2 0.112354 0.333223 0.009586 0.030759
1 0.131604 0.362943 0.012548 0.035054
2 0.080322 0.400283 0.007248 0.039626
1 0.185341 0.424253 0.008729 0.035470
4 0.206111 0.391415 0.008651 0.036024
1 0.211995 0.354837 0.008729 0.035747
2 0.241261 0.350889 0.006313 0.028126