4 0.643273 0.633705 0.013526 0.055851
4 0.339922 0.376639 0.010972 0.032763
2 0.129003 0.394358 0.013640 0.036199
1 0.152541 0.448742 0.015492 0.038732
2 0.224301 0.365826 0.009273 0.030730
1 0.252379 0.430037 0.015564 0.031461
2 0.269598 0.370400 0.011747 0.031144
1 0.274260 0.543246 0.018669 0.046111
2 0.313098 0.387211 0.010907 0.034076
1 0.340463 0.424351 0.015166 0.035328
0 0.322707 0.333891 0.004505 0.005933
1 0.313576 0.335108 0.006405 0.026308
2 0.330214 0.325190 0.010304 0.023372
1 0.352781 0.341961 0.006880 0.027659
2 0.401095 0.341086 0.006677 0.030099
1 0.410800 0.340831 0.011684 0.029590
2 0.425901 0.314903 0.006379 0.022680
1 0.439720 0.348431 0.008201 0.030176
2 0.436709 0.325007 0.005529 0.020368
1 0.462799 0.390273 0.008985 0.034746
2 0.471951 0.441056 0.010412 0.036670
1 0.490304 0.394267 0.006635 0.034529
2 0.496552 0.426255 0.008255 0.038197
1 0.642858 0.365853 0.007208 0.035899
4 0.169161 0.329871 0.007680 0.024818