4 0.153793 0.381321 0.006041 0.028472
1 0.145389 0.620663 0.010866 0.048754
2 0.253894 0.748370 0.011593 0.052231
1 0.294947 0.682445 0.015246 0.049691
2 0.474007 0.712514 0.011593 0.044891
1 0.485442 0.629367 0.009688 0.046867
2 0.507040 0.631343 0.009370 0.042915
4 0.440180 0.591958 0.008417 0.041503
2 0.353231 0.621320 0.009529 0.040938
1 0.366571 0.587582 0.009211 0.041221
2 0.328933 0.640942 0.009529 0.042915
1 0.455267 0.552008 0.008417 0.038962
2 0.507214 0.522368 0.010060 0.036700
1 0.531058 0.505296 0.008101 0.035074
2 0.565878 0.540370 0.012151 0.037396
1 0.581556 0.584037 0.010060 0.040184
2 0.591747 0.616672 0.010060 0.043668
1 0.615135 0.619808 0.010060 0.042506
2 0.650411 0.692278 0.011106 0.045294
1 0.680854 0.716202 0.013196 0.047152
2 0.690746 0.515552 0.009454 0.037026
1 0.272837 0.469099 0.009440 0.035992
4 0.722415 0.784624 0.011307 0.049013
2 0.425504 0.813264 0.013903 0.052532