1 0.804994 0.515610 0.012610 0.051069
2 0.776236 0.514079 0.011564 0.049319
1 0.783527 0.432566 0.009540 0.040180
2 0.594439 0.601093 0.011935 0.053202
1 0.574605 0.559515 0.010531 0.046493
2 0.595532 0.528902 0.013065 0.048409
1 0.617448 0.424188 0.007737 0.035204
4 0.557720 0.326781 0.007502 0.023684
1 0.518088 0.425016 0.008882 0.028220
2 0.465498 0.426713 0.008208 0.024600
1 0.454054 0.490458 0.009418 0.037976
2 0.428049 0.465109 0.008443 0.040221
4 0.419649 0.524363 0.010481 0.042476
2 0.378811 0.560896 0.011622 0.048025
1 0.366496 0.551250 0.013161 0.043784
2 0.352420 0.495697 0.014641 0.039944
1 0.313172 0.442223 0.007755 0.032986
2 0.322812 0.535899 0.013119 0.042521
1 0.290812 0.539185 0.013481 0.039558
2 0.225046 0.633118 0.014549 0.050877
1 0.297518 0.674113 0.013512 0.053379
2 0.324621 0.678678 0.013986 0.052396
1 0.103270 0.623423 0.023146 0.030534
4 0.779689 0.869165 0.013383 0.081652
0 0.096650 0.635370 0.005066 0.006995