1 0.434352 0.424422 0.007582 0.032240
4 0.743056 0.316865 0.006147 0.025136
1 0.816159 0.320052 0.005635 0.026775
2 0.743670 0.352474 0.007787 0.028233
1 0.707349 0.366499 0.007479 0.030783
2 0.701304 0.382802 0.007070 0.033879
1 0.680096 0.429249 0.012807 0.037158
2 0.662780 0.447190 0.009119 0.040254
1 0.656377 0.462764 0.008606 0.038251
2 0.641725 0.567589 0.009221 0.043897
4 0.779325 0.439085 0.009221 0.042258
1 0.906116 0.456844 0.012192 0.039526
2 0.850021 0.394823 0.009016 0.033879
1 0.904067 0.403111 0.008914 0.031147
2 0.868053 0.354022 0.008197 0.033151
1 0.907141 0.361764 0.009938 0.039890
2 0.957140 0.322784 0.007479 0.031511
1 0.991821 0.372875 0.008811 0.036611