1 0.296955 0.455542 0.011150 0.038256
2 0.393510 0.552926 0.011239 0.036335
4 0.476321 0.296441 0.005848 0.026333
2 0.494457 0.345602 0.006986 0.027692
1 0.488745 0.444203 0.010900 0.030749
2 0.495614 0.440360 0.008512 0.034913
0 0.504119 0.450414 0.004424 0.006648
2 0.571236 0.514402 0.012576 0.036019
1 0.609080 0.360595 0.007685 0.028981
2 0.676662 0.474083 0.008460 0.035929
1 0.694690 0.475516 0.007856 0.033064
2 0.737138 0.424964 0.010082 0.031819
4 0.764038 0.428632 0.008976 0.027622
2 0.843347 0.718696 0.016660 0.043627
1 0.916812 0.616494 0.014295 0.039475
2 0.912603 0.506907 0.012844 0.034702
1 0.906617 0.498457 0.015093 0.032767
2 0.844556 0.430516 0.016277 0.030655
1 0.803657 0.355519 0.008194 0.030727
2 0.801856 0.424651 0.009674 0.033075
1 0.791170 0.533739 0.012729 0.035170
2 0.796883 0.556504 0.008818 0.036806
1 0.712666 0.385670 0.006691 0.029954
2 0.704926 0.320100 0.007820 0.027231