2 0.350703 0.441154 0.009526 0.037348
4 0.500818 0.311321 0.007026 0.025761
2 0.448620 0.409973 0.006696 0.031811
1 0.434898 0.435441 0.006038 0.035128
2 0.435831 0.476034 0.006587 0.039031
1 0.439399 0.486670 0.008672 0.034153
2 0.460750 0.434465 0.008123 0.039812
1 0.475405 0.415730 0.008453 0.033957
2 0.516689 0.589605 0.012306 0.044584
1 0.576878 0.495927 0.008659 0.038691
4 0.578925 0.459109 0.009478 0.038275
1 0.586648 0.465869 0.007372 0.037235
2 0.589866 0.453700 0.005616 0.034947
1 0.620405 0.401488 0.008191 0.033699
2 0.646966 0.377774 0.009829 0.031618
1 0.690844 0.458589 0.011701 0.041395
2 0.751923 0.469613 0.006552 0.038899
1 0.856295 0.422914 0.009361 0.041603
2 0.898594 0.472734 0.007372 0.043475
1 0.891749 0.497488 0.009361 0.033491
2 0.891105 0.527546 0.011350 0.047428
1 0.861092 0.583294 0.010297 0.046596
2 0.647880 0.578886 0.013472 0.041543
4 0.873273 0.784269 0.014545 0.056380