4 0.854614 0.783793 0.014457 0.058556
2 0.802191 0.438769 0.010107 0.042924
1 0.718246 0.396843 0.012915 0.038532
2 0.700035 0.342331 0.008251 0.034225
1 0.689747 0.365419 0.012121 0.033682
2 0.661735 0.436948 0.010899 0.038752
4 0.547091 0.443648 0.009575 0.023903
2 0.549434 0.464292 0.010797 0.037666
1 0.544710 0.398689 0.007559 0.036001
2 0.517600 0.398938 0.011012 0.031853
1 0.494504 0.389647 0.010359 0.035503
2 0.541304 0.350743 0.009145 0.030028
1 0.569113 0.348752 0.009332 0.029697
0 0.574339 0.356218 0.003546 0.006138
1 0.591650 0.355471 0.009052 0.031521
2 0.584184 0.325692 0.007186 0.022729
4 0.553995 0.302714 0.006906 0.026876
2 0.606068 0.323120 0.009705 0.028867
1 0.467283 0.436062 0.007459 0.037926
2 0.463852 0.485790 0.010145 0.038722
1 0.448113 0.455555 0.010890 0.040313
2 0.434463 0.465633 0.011338 0.039783
1 0.415367 0.499846 0.010741 0.039783
2 0.394407 0.603679 0.011487 0.048004
1 0.318465 0.452920 0.008485 0.038080