2 0.347767 0.405273 0.009792 0.034527
1 0.504607 0.578922 0.009466 0.041200
2 0.506321 0.543525 0.018442 0.044102
0 0.535697 0.515236 0.006039 0.007834
2 0.625145 0.527586 0.013515 0.042301
1 0.727879 0.573953 0.012233 0.043496
2 0.516828 0.397872 0.007415 0.032222
1 0.565230 0.347341 0.007003 0.032955
2 0.618369 0.370410 0.009474 0.033687
1 0.654722 0.391098 0.010916 0.039912
4 0.631577 0.389783 0.008407 0.033876
4 0.581510 0.221730 0.005791 0.022584
2 0.611588 0.271548 0.007660 0.030555
1 0.664271 0.251289 0.009154 0.029227
2 0.704903 0.301107 0.007473 0.033212
1 0.744322 0.416021 0.010835 0.039854
2 0.769916 0.368693 0.010088 0.037530
1 0.818021 0.321532 0.008407 0.035537
2 0.862291 0.356456 0.009633 0.039145
1 0.759995 0.246770 0.009175 0.031805
2 0.818253 0.265730 0.009633 0.030582
1 0.819858 0.232906 0.007340 0.030174
2 0.929035 0.301409 0.011009 0.037514
1 0.951054 0.457172 0.015138 0.043222