4 0.480796 0.807978 0.014431 0.052714
1 0.570047 0.511197 0.010675 0.039008
2 0.373469 0.509320 0.008782 0.036429
1 0.304108 0.460169 0.008619 0.034694
2 0.267841 0.472746 0.008619 0.034984
1 0.203114 0.411741 0.010246 0.030358
2 0.194332 0.542858 0.009920 0.044525
1 0.234339 0.620197 0.011872 0.048283
2 0.172702 0.787743 0.013498 0.053198
0 0.171401 0.745242 0.005042 0.009252
2 0.107162 0.659229 0.015125 0.045392
1 0.085695 0.562951 0.010571 0.038453
2 0.092444 0.509030 0.010083 0.034694
1 0.093827 0.440798 0.009270 0.032382
4 0.018529 0.571481 0.014799 0.039899