2 0.375926 0.475305 0.010262 0.036487
1 0.546805 0.583489 0.013882 0.041617
2 0.660313 0.571875 0.008801 0.040649
1 0.684811 0.603491 0.011342 0.044197
2 0.737890 0.608330 0.013882 0.048391
1 0.749958 0.608411 0.013338 0.038552
0 0.778584 0.602765 0.004900 0.007904
1 0.771462 0.568488 0.014790 0.042584
2 0.754902 0.560450 0.016850 0.040331
1 0.767067 0.526329 0.012247 0.037555
2 0.741791 0.516758 0.016768 0.038285
1 0.633202 0.456767 0.008916 0.037567
2 0.601639 0.509313 0.012661 0.041846
1 0.694857 0.402795 0.009719 0.035506
4 0.685728 0.306945 0.005331 0.026594
1 0.886206 0.439839 0.009171 0.036928
4 0.862970 0.541864 0.008827 0.045814
1 0.888562 0.585653 0.010892 0.052142
2 0.982140 0.578693 0.014095 0.048345
1 0.972102 0.515983 0.011817 0.044928
2 0.889149 0.678239 0.011659 0.052687
1 0.897874 0.681648 0.013615 0.052286