0 0.039811 0.795073 0.005612 0.009976
1 0.209763 0.811768 0.014774 0.056396
2 0.161492 0.737455 0.015346 0.048253
1 0.162465 0.750791 0.013857 0.048863
2 0.133720 0.650418 0.014774 0.043570
1 0.098905 0.633010 0.015919 0.045402
2 0.303615 0.748755 0.012827 0.050085
1 0.242059 0.639220 0.008589 0.049678
4 0.185656 0.592189 0.010307 0.043163
1 0.178269 0.500163 0.007673 0.037462
2 0.377082 0.615093 0.010193 0.043366
1 0.381606 0.562464 0.009391 0.040719
2 0.332074 0.563176 0.007215 0.038887
1 0.360190 0.534469 0.009391 0.039701
2 0.298004 0.483061 0.009620 0.032983
1 0.626399 0.518385 0.009505 0.039294
2 0.042599 0.566596 0.015234 0.041582
1 0.044758 0.498678 0.010915 0.037104
2 0.095856 0.490468 0.010196 0.035185
4 0.013211 0.382994 0.006837 0.029214
4 0.456937 0.821181 0.016262 0.053422