1 0.448788 0.432810 0.009645 0.037647
2 0.477132 0.578466 0.017684 0.049946
1 0.610937 0.780498 0.018165 0.068866
2 0.664591 0.769484 0.013594 0.066513
1 0.919846 0.640269 0.014506 0.065162
2 0.940309 0.618280 0.014247 0.060787
4 0.919457 0.495439 0.013211 0.049044
2 0.919392 0.428896 0.011268 0.040295
1 0.890574 0.427744 0.010102 0.038452
2 0.799459 0.429471 0.009714 0.038683
1 0.744543 0.412893 0.010750 0.039604
2 0.728224 0.501771 0.011009 0.048814
1 0.664204 0.373755 0.008161 0.033001
4 0.693168 0.320555 0.005761 0.026173
1 0.839816 0.332917 0.007957 0.029340