4 0.924171 0.626603 0.012360 0.054570
4 0.389264 0.378690 0.006623 0.036927
4 0.105369 0.320806 0.007475 0.028952
1 0.117270 0.514209 0.008970 0.054306
2 0.121512 0.393314 0.008485 0.040945
1 0.346579 0.331275 0.004004 0.028997
2 0.344058 0.333516 0.004300 0.028470
1 0.289640 0.346696 0.005931 0.035587
2 0.344159 0.388553 0.010587 0.024050
1 0.397073 0.362486 0.007405 0.030671
2 0.399704 0.356205 0.005676 0.032409
1 0.427382 0.325528 0.006089 0.027678
2 0.449849 0.362935 0.006628 0.031789
1 0.477441 0.401520 0.005844 0.035140
2 0.425920 0.427874 0.011430 0.038348
1 0.530729 0.317352 0.005976 0.023090
2 0.527236 0.386989 0.006957 0.035949
1 0.523205 0.363062 0.006307 0.031094
2 0.515208 0.351156 0.007607 0.028320
1 0.508771 0.339134 0.006957 0.026701
2 0.481658 0.343411 0.005657 0.027395
1 0.650661 0.403208 0.007009 0.036220
2 0.110092 0.734173 0.019634 0.069253
2 0.012872 0.674968 0.016812 0.064925