4 0.671757 0.725845 0.014384 0.055405
1 0.467764 0.560020 0.007855 0.044019
2 0.454188 0.482911 0.009392 0.041590
1 0.403301 0.462268 0.008709 0.039769
2 0.373333 0.423258 0.012295 0.038858
1 0.292562 0.440866 0.009563 0.037644
2 0.286073 0.381668 0.010587 0.037036
1 0.257812 0.530421 0.008367 0.043715
2 0.261484 0.660352 0.014002 0.051608
1 0.134693 0.614360 0.011100 0.052519
0 0.128972 0.544385 0.005123 0.009107
1 0.131876 0.521307 0.014869 0.036897
2 0.134509 0.425347 0.007435 0.024506
1 0.080686 0.403732 0.012236 0.035796
4 0.039331 0.609420 0.010687 0.047911
1 0.009051 0.592624 0.012391 0.044607
2 0.117549 0.724380 0.014404 0.057549
1 0.711453 0.415966 0.012266 0.025864