2 0.349011 0.315252 0.012376 0.045563
1 0.619910 0.625913 0.015631 0.055578
2 0.698928 0.593649 0.016559 0.050868
1 0.710784 0.531595 0.010333 0.051104
2 0.760990 0.548433 0.015101 0.052281
4 0.781523 0.474368 0.010333 0.046865
2 0.684290 0.472013 0.014042 0.046865
1 0.698729 0.428563 0.014572 0.047100
2 0.769137 0.415611 0.009935 0.045216
1 0.696742 0.352143 0.011922 0.042626
2 0.838219 0.388764 0.008213 0.043803
1 0.902599 0.330831 0.011127 0.037680
2 0.924258 0.653702 0.017353 0.058404
1 0.855374 0.567744 0.012320 0.053694
2 0.897565 0.527356 0.013247 0.059111
1 0.920218 0.545372 0.012187 0.051339
2 0.822209 0.241895 0.007998 0.036434
4 0.741131 0.194264 0.008398 0.032169