0 0.489659 0.493042 0.005582 0.010572
4 0.806521 0.649908 0.019524 0.054093
4 0.384133 0.453798 0.013709 0.044403
1 0.508171 0.408728 0.009014 0.037726
2 0.463945 0.440945 0.013333 0.040063
1 0.465166 0.484847 0.017653 0.041064
2 0.445260 0.498702 0.013897 0.046740
1 0.379062 0.479171 0.011831 0.044403
2 0.278217 0.402718 0.009202 0.038394
4 0.108512 0.319801 0.010552 0.032750
2 0.664298 0.420615 0.012080 0.038476
1 0.542242 0.422852 0.013086 0.037582
2 0.558600 0.421957 0.010570 0.038476
1 0.573448 0.442314 0.014596 0.037134
2 0.637245 0.504055 0.011325 0.046977
1 0.656874 0.544321 0.014848 0.049661
2 0.619251 0.598233 0.016610 0.060846
1 0.602641 0.506069 0.021140 0.043845
2 0.572945 0.517254 0.011576 0.050109
1 0.560488 0.559533 0.015855 0.058609
2 0.392777 0.628062 0.013261 0.059905
1 0.380712 0.611830 0.018696 0.058359
2 0.234056 0.566708 0.017376 0.062779
1 0.216259 0.480014 0.016535 0.052814