2 0.172700 0.565004 0.017152 0.056840
1 0.198965 0.537965 0.009203 0.047597
2 0.233328 0.552042 0.013506 0.046640
1 0.229115 0.531856 0.014163 0.048340
1 0.013596 0.526233 0.017231 0.051021
2 0.118701 0.509658 0.008030 0.040649
1 0.158467 0.497627 0.009865 0.034939
2 0.177891 0.502283 0.008335 0.035279
1 0.250916 0.488610 0.008016 0.032863
2 0.272528 0.515023 0.012888 0.039865
1 0.309363 0.522471 0.011125 0.038840
4 0.414133 0.521999 0.010336 0.037948
1 0.419085 0.533110 0.009856 0.046495
2 0.414469 0.509606 0.008894 0.035726
1 0.422090 0.500076 0.008173 0.032051
2 0.426441 0.491188 0.007933 0.028290
1 0.470052 0.539515 0.011715 0.042367
2 0.495292 0.522027 0.010418 0.038234
0 0.536629 0.516508 0.003464 0.006256
2 0.542766 0.502492 0.007720 0.032831
4 0.897313 0.591959 0.010527 0.050853
1 0.007055 0.522638 0.009480 0.044049