1 0.304079 0.487223 0.009326 0.038132
0 0.319409 0.504337 0.003603 0.006720
4 0.705377 0.301375 0.008933 0.027849
2 0.727701 0.510681 0.011229 0.044415
1 0.788166 0.569684 0.011628 0.044533
2 0.785342 0.501822 0.013555 0.041580
1 0.791089 0.460892 0.018140 0.043824
2 0.811588 0.402656 0.012093 0.037682
1 0.830990 0.422147 0.009302 0.038627
2 0.861123 0.438684 0.010166 0.041226
1 0.885508 0.433309 0.009900 0.042289
2 0.836505 0.490659 0.010897 0.041698
1 0.859129 0.559526 0.015615 0.046896
2 0.895109 0.508319 0.012890 0.042997
4 0.920790 0.449433 0.014684 0.043588
2 0.918099 0.419548 0.010498 0.040281
1 0.959329 0.390430 0.015216 0.038745
2 0.982219 0.409862 0.010498 0.038863
1 0.981422 0.445712 0.013023 0.043470
2 0.993747 0.453686 0.010299 0.042879
1 0.974611 0.477075 0.013355 0.046423
1 0.999035 0.527458 0.003027 0.049271