2 0.042984 0.524459 0.013069 0.053643
1 0.117074 0.495930 0.011339 0.056035
2 0.108003 0.618635 0.013008 0.058740
1 0.128166 0.626151 0.013529 0.064059
4 0.244504 0.441895 0.010689 0.042565
1 0.229326 0.401135 0.009192 0.041995
2 0.258453 0.407120 0.008658 0.041805
1 0.399596 0.693698 0.014531 0.060159
2 0.416914 0.615138 0.012142 0.053081
1 0.316483 0.544456 0.010342 0.049111
2 0.328446 0.517709 0.015117 0.048249
1 0.368561 0.555377 0.011070 0.053751
2 0.379512 0.525433 0.009880 0.053116
1 0.324441 0.398049 0.007593 0.041178
2 0.329968 0.403516 0.007497 0.037078
1 0.347220 0.459816 0.011245 0.043399
2 0.356206 0.441021 0.008073 0.045108
1 0.374804 0.456399 0.012398 0.041349
4 0.544478 0.774985 0.015505 0.062021
1 0.622293 0.496533 0.009098 0.043231