0 0.489545 0.553355 0.005108 0.008879
2 0.439684 0.496244 0.009365 0.046818
1 0.376088 0.410478 0.011238 0.040159
2 0.621505 0.356698 0.009989 0.035517
1 0.544061 0.628068 0.012878 0.058469
2 0.552426 0.610953 0.013067 0.052521
1 0.819637 0.526353 0.014628 0.056509
4 0.919841 0.447001 0.012226 0.049179
1 0.922846 0.377847 0.009631 0.038372
2 0.832309 0.383919 0.011748 0.040072
1 0.811238 0.308815 0.007445 0.029022
2 0.723033 0.545883 0.017213 0.058533
1 0.680923 0.544138 0.020448 0.047237
2 0.732477 0.404942 0.012535 0.040768
4 0.699983 0.287467 0.009267 0.024838