2 0.327800 0.470622 0.009272 0.040960
4 0.653038 0.308517 0.006588 0.029730
2 0.614322 0.442842 0.011453 0.035315
1 0.585893 0.479328 0.010135 0.042343
2 0.541450 0.541851 0.009020 0.044144
1 0.575656 0.605905 0.012770 0.048649
2 0.573173 0.615094 0.011047 0.044685
1 0.500099 0.629779 0.014291 0.050270
2 0.672903 0.696790 0.010995 0.053165
1 0.868972 0.734318 0.012314 0.057856
2 0.943515 0.728584 0.014513 0.058898
1 0.877621 0.616001 0.012314 0.051601
2 0.881432 0.599061 0.012314 0.054207
1 0.867946 0.512408 0.010848 0.045086
4 0.783654 0.542899 0.009675 0.047170
1 0.685730 0.517099 0.010848 0.043001
2 0.757775 0.452376 0.006754 0.039236
1 0.899543 0.406493 0.009769 0.038378
2 0.965935 0.433722 0.007960 0.040951