2 0.447327 0.409278 0.008496 0.035001
4 0.589594 0.301457 0.005259 0.027210
2 0.649636 0.334121 0.007484 0.028049
0 0.636993 0.354037 0.003381 0.005166
2 0.599854 0.403814 0.009298 0.031838
1 0.655277 0.546872 0.006965 0.041928
2 0.712834 0.327887 0.006039 0.026778
1 0.765315 0.311965 0.008142 0.029190
2 0.786257 0.343417 0.006682 0.026258
2 0.775853 0.353264 0.007326 0.029071
1 0.749068 0.398069 0.007561 0.030530
2 0.726708 0.431516 0.008557 0.034281
1 0.769172 0.422712 0.005920 0.031676
2 0.823489 0.526232 0.008408 0.038378
1 0.900826 0.486036 0.007196 0.035012
2 0.888365 0.447792 0.007575 0.034473
4 0.849167 0.399045 0.008105 0.035012
2 0.896130 0.363966 0.006135 0.029221
1 0.893403 0.388744 0.007196 0.030029
2 0.908400 0.396352 0.009468 0.031241
1 0.967142 0.468597 0.009090 0.034608
2 0.987821 0.496674 0.009393 0.037974