1 0.304302 0.390233 0.008068 0.034426
0 0.320619 0.407446 0.003765 0.007650
4 0.435610 0.295221 0.005432 0.023424
1 0.732295 0.520887 0.012264 0.036692
2 0.732220 0.486721 0.007627 0.034299
1 0.713525 0.468508 0.008824 0.035628
2 0.765048 0.439793 0.005683 0.031374
1 0.667312 0.426764 0.010320 0.032969
2 0.707318 0.408551 0.009871 0.033235
1 0.715993 0.410679 0.008375 0.030045
2 0.756448 0.380102 0.006431 0.029513
1 0.703804 0.347665 0.008824 0.022600
2 0.664694 0.349526 0.008375 0.026854
1 0.624239 0.361092 0.006730 0.032438
2 0.863694 0.455354 0.007890 0.034064
1 0.810076 0.418713 0.006280 0.029484
2 0.853631 0.423436 0.008695 0.034350
1 0.855241 0.397674 0.005797 0.026908
2 0.834309 0.388800 0.006441 0.030915
1 0.821669 0.358887 0.005958 0.029484
2 0.828351 0.356453 0.006119 0.026335
1 0.830605 0.374630 0.008051 0.030056
4 0.805424 0.432131 0.009924 0.034270
2 0.756089 0.371393 0.009284 0.029501