2 0.601693 0.331190 0.010120 0.046340
1 0.489607 0.495835 0.010427 0.056154
4 0.555080 0.670838 0.010733 0.056154
1 0.244276 0.601054 0.015333 0.061605
2 0.160097 0.536723 0.019320 0.056154
1 0.132344 0.489838 0.016560 0.050702
0 0.270190 0.432594 0.006440 0.009268
1 0.320636 0.377531 0.013493 0.043069
2 0.301163 0.371261 0.011960 0.045795
1 0.319256 0.419237 0.019933 0.047976
2 0.217443 0.348364 0.016253 0.045795
1 0.234617 0.324376 0.012573 0.045795
4 0.073925 0.373442 0.012573 0.050157
1 0.064571 0.454674 0.022080 0.046885
2 0.008145 0.256773 0.009200 0.040343
1 0.020872 0.338550 0.013187 0.049066
2 0.014279 0.373442 0.013493 0.052337
1 0.081727 0.142228 0.011730 0.046475