2 0.650101 0.686402 0.013710 0.056737
1 0.919417 0.744991 0.014732 0.060543
2 0.959577 0.462798 0.011159 0.052463
1 0.941501 0.425337 0.009314 0.044102
2 0.879253 0.498293 0.021672 0.042462
1 0.860515 0.582558 0.014170 0.051594
2 0.765071 0.530843 0.009401 0.050383
1 0.706762 0.553444 0.010475 0.048335
2 0.710822 0.486173 0.014830 0.048126
1 0.858125 0.467629 0.011030 0.047291
2 0.827501 0.426797 0.011030 0.044062
4 0.818807 0.472589 0.009732 0.049368
4 0.768830 0.196153 0.008725 0.031157
1 0.967560 0.342004 0.010462 0.036060
2 0.870999 0.359844 0.013131 0.039476
1 0.730183 0.387506 0.010752 0.045259
2 0.729132 0.408268 0.015572 0.045039
1 0.362501 0.307888 0.008926 0.042661
2 0.746143 0.299985 0.008651 0.037789
1 0.869344 0.225816 0.010628 0.034713