2 0.307104 0.406343 0.012980 0.042480
1 0.283062 0.557907 0.019175 0.037236
2 0.265067 0.567347 0.018585 0.045627
1 0.374879 0.489890 0.014541 0.050238
2 0.439764 0.582806 0.018656 0.053652
1 0.530003 0.597193 0.010971 0.050901
2 0.552213 0.568888 0.018463 0.058988
1 0.527270 0.392895 0.011067 0.045026
2 0.546318 0.391192 0.008300 0.041621
1 0.604528 0.358085 0.008939 0.040485
2 0.611764 0.461379 0.010642 0.045026
1 0.598249 0.520594 0.013408 0.049188
2 0.712647 0.432179 0.009846 0.045616
1 0.880027 0.400354 0.011636 0.043494
2 0.860335 0.466126 0.010443 0.048798
1 0.762804 0.601999 0.014169 0.063546
2 0.770211 0.555628 0.017389 0.054386
1 0.826726 0.603716 0.017711 0.062401
4 0.985921 0.749591 0.023958 0.068469
4 0.588999 0.489076 0.013802 0.047982
4 0.586973 0.270950 0.010482 0.029663
0 0.265155 0.578178 0.004722 0.007773
1 0.447387 0.457371 0.014455 0.042310
2 0.446030 0.445515 0.010622 0.041600