2 0.610939 0.401673 0.007783 0.033843
1 0.318128 0.387089 0.006311 0.035339
2 0.336166 0.364371 0.007678 0.032161
1 0.325491 0.356892 0.005469 0.031039
1 0.337586 0.322207 0.004838 0.030478
2 0.342740 0.323703 0.004628 0.031600
1 0.299594 0.430975 0.008600 0.035876
4 0.269782 0.391226 0.006536 0.033838
1 0.249086 0.402437 0.007797 0.033838
2 0.224950 0.343119 0.009287 0.030576
1 0.199896 0.428223 0.008714 0.033634
2 0.202247 0.353005 0.006536 0.030780
1 0.188832 0.314174 0.006765 0.030168
2 0.141763 0.318454 0.008714 0.029353
1 0.103811 0.399277 0.007568 0.034041
2 0.080248 0.335577 0.006765 0.033022
1 0.106276 0.477756 0.012039 0.035672
2 0.103410 0.458799 0.010205 0.038526
1 0.078184 0.509351 0.008829 0.038526
4 0.269826 0.713130 0.013329 0.047394
1 0.159610 0.389910 0.008804 0.034154