4 0.851026 0.585567 0.007254 0.033529
4 0.428224 0.464504 0.009561 0.027197
4 0.067107 0.431981 0.005416 0.027112
2 0.222997 0.476047 0.007158 0.034114
1 0.257644 0.484846 0.007615 0.031136
2 0.314602 0.491480 0.008224 0.033572
1 0.364935 0.441933 0.005330 0.025991
2 0.391129 0.480244 0.008072 0.031136
1 0.397830 0.436248 0.006549 0.023284
2 0.414155 0.439667 0.005012 0.023759
1 0.416839 0.446879 0.005847 0.024608
2 0.432829 0.447622 0.005370 0.024396
1 0.456336 0.476472 0.004892 0.029063
2 0.497047 0.464238 0.004859 0.029249
1 0.503341 0.492899 0.006625 0.030820
2 0.508973 0.471109 0.007509 0.026501
1 0.534309 0.484706 0.006440 0.029078
2 0.544950 0.470432 0.006775 0.028659
1 0.541099 0.485371 0.009682 0.008415
2 0.550281 0.478317 0.005142 0.029653
1 0.555549 0.476929 0.006161 0.028422
2 0.570635 0.471753 0.004692 0.027745
1 0.592704 0.495412 0.003399 0.028706
2 0.618231 0.491081 0.004218 0.026758