2 0.335335 0.485435 0.012473 0.039562
1 0.793495 0.679303 0.017520 0.050633
2 0.781770 0.665646 0.014735 0.047599
1 0.717034 0.602511 0.015314 0.044540
2 0.736300 0.551886 0.013762 0.040650
2 0.740499 0.494424 0.012986 0.043661
1 0.782561 0.458102 0.009457 0.040023
0 0.862808 0.485241 0.005398 0.010876
1 0.842438 0.544261 0.012533 0.041404
2 0.860251 0.575753 0.014606 0.041229
1 0.942981 0.647569 0.020974 0.049485
4 0.951612 0.526873 0.011361 0.047069
1 0.915701 0.464025 0.010550 0.041839
4 0.783844 0.303055 0.009657 0.025084
1 0.743271 0.544182 0.013306 0.036283