2 0.647794 0.521715 0.008789 0.037675
1 0.444904 0.675592 0.011424 0.047531
2 0.410285 0.656986 0.014554 0.044674
1 0.411803 0.589696 0.012983 0.042998
2 0.371597 0.543626 0.011936 0.040206
1 0.302021 0.511517 0.012669 0.037414
2 0.175905 0.548373 0.011727 0.039648
1 0.086017 0.717295 0.012460 0.050258
2 0.113816 0.734141 0.015915 0.048955
1 0.136484 0.784864 0.015391 0.059565
2 0.295111 0.828886 0.013088 0.059751
1 0.314429 0.723903 0.011936 0.043371
2 0.268725 0.714875 0.014763 0.052119
4 0.506450 0.801580 0.013952 0.051514
4 0.089028 0.654550 0.013492 0.048847
4 0.009887 0.382335 0.007399 0.027957