2 0.410325 0.438884 0.009319 0.033393
1 0.695462 0.710923 0.017058 0.073569
2 0.729421 0.747567 0.022113 0.068234
1 0.747940 0.505249 0.008337 0.048736
2 0.777756 0.421846 0.008055 0.038185
4 0.822791 0.551709 0.017051 0.052161
2 0.856671 0.575821 0.015279 0.063774
1 0.841992 0.346845 0.006025 0.033739
2 0.850878 0.465466 0.010845 0.043914
2 0.945502 0.536265 0.012603 0.054823
1 0.977278 0.528995 0.013944 0.053154
2 0.922040 0.786878 0.027713 0.080621
1 0.891349 0.855080 0.026797 0.095686
4 0.804074 0.315000 0.008550 0.025994