2 0.406620 0.445321 0.008710 0.038712
1 0.413715 0.548719 0.012222 0.044206
0 0.419792 0.568195 0.004001 0.006975
1 0.536818 0.761022 0.018331 0.067197
2 0.545560 0.493673 0.009249 0.041106
1 0.553267 0.450823 0.011771 0.039611
2 0.652203 0.548606 0.018498 0.046836
1 0.668669 0.578875 0.014434 0.051570
2 0.665025 0.426906 0.010510 0.041106
1 0.620875 0.353081 0.013074 0.028623
4 0.635704 0.323275 0.005932 0.024964
1 0.774311 0.341353 0.006658 0.030129
2 0.773887 0.382027 0.010169 0.035724
1 0.827635 0.418612 0.010411 0.039168
2 0.788534 0.500283 0.014042 0.047130
2 0.904565 0.368576 0.008837 0.035509
1 0.922723 0.381919 0.013437 0.038092
2 0.944876 0.452292 0.012226 0.047561
1 0.956436 0.416137 0.009926 0.044978
2 0.968965 0.458533 0.014163 0.048422
1 0.758838 0.687575 0.019032 0.061534
2 0.963849 0.636824 0.017045 0.063393
1 0.982515 0.587838 0.016522 0.064695
4 0.855477 0.469724 0.011379 0.047561