4 0.206262 0.548843 0.013013 0.046267
4 0.510628 0.791114 0.017696 0.060499
1 0.105451 0.360116 0.009293 0.033830
2 0.103681 0.426989 0.010621 0.039337
1 0.139748 0.503500 0.012391 0.042091
2 0.228036 0.413418 0.010621 0.039731
1 0.257797 0.422072 0.009515 0.040517
2 0.288111 0.474784 0.011285 0.046811
1 0.210887 0.600859 0.013940 0.054285
2 0.326391 0.503893 0.011285 0.046811
1 0.383811 0.610890 0.012834 0.049958
2 0.381598 0.668913 0.015489 0.058219
1 0.587860 0.416189 0.012672 0.040810
2 0.118903 0.755325 0.013817 0.058012
2 0.320776 0.525140 0.008796 0.047607
1 0.321493 0.618364 0.010480 0.051532
2 0.003572 0.621685 0.007736 0.054729