2 0.984666 0.539277 0.010887 0.038259
1 0.945929 0.433727 0.008861 0.036008
2 0.896432 0.357884 0.008102 0.032858
1 0.869341 0.355859 0.006583 0.031507
2 0.854422 0.421783 0.008927 0.032798
1 0.839147 0.427249 0.010117 0.033856
2 0.810382 0.345959 0.006150 0.030682
1 0.811672 0.352307 0.007142 0.032093
2 0.809589 0.314395 0.008133 0.026097
1 0.726351 0.318907 0.008481 0.027079
2 0.716139 0.324138 0.008481 0.025848
1 0.720553 0.357217 0.008308 0.029233
4 0.759844 0.376911 0.008654 0.029233
1 0.747987 0.434915 0.009174 0.033849
2 0.686627 0.346909 0.006577 0.028925
1 0.602160 0.342601 0.007616 0.032618
2 0.640932 0.376757 0.009001 0.030771
1 0.581389 0.398759 0.005885 0.034156
2 0.648461 0.481842 0.012289 0.036003
1 0.638508 0.503843 0.007270 0.036926
2 0.806446 0.573377 0.009761 0.040386
4 0.560087 0.301153 0.004083 0.025666
2 0.382538 0.418725 0.010354 0.036296