4 0.592947 0.544642 0.014565 0.038839
0 0.610664 0.760447 0.006090 0.011437
1 0.641148 0.737299 0.019450 0.055905
2 0.635422 0.740450 0.014178 0.026337
1 0.643193 0.700944 0.012451 0.049119
2 0.567922 0.724092 0.012711 0.050513
1 0.515507 0.757457 0.016151 0.051044
2 0.494720 0.698038 0.011964 0.048918
1 0.466755 0.576076 0.013459 0.043733
2 0.489860 0.554808 0.013758 0.041075
1 0.471765 0.504029 0.008973 0.038416
2 0.465035 0.479105 0.010767 0.036954
1 0.472101 0.466809 0.010842 0.032036
4 0.466133 0.318839 0.007542 0.022414
1 0.276914 0.453596 0.009245 0.035232
2 0.519785 0.472101 0.007989 0.034717
1 0.536460 0.424759 0.007439 0.029307
2 0.626058 0.426076 0.011477 0.029649
1 0.695108 0.566659 0.010788 0.039494
2 0.562460 0.547542 0.013176 0.037356
1 0.749917 0.672995 0.017669 0.047938
2 0.763577 0.689585 0.016179 0.049578
1 0.822332 0.592131 0.015044 0.045415
2 0.831309 0.561981 0.009580 0.042640