2 0.008279 0.593054 0.016558 0.055888
1 0.087414 0.513685 0.017752 0.058580
2 0.088748 0.442729 0.013923 0.037540
1 0.044601 0.396216 0.011254 0.040634
2 0.152968 0.386522 0.012879 0.037334
1 0.200984 0.551726 0.016142 0.053296
2 0.109531 0.752071 0.023061 0.078541
1 0.226904 0.527837 0.013398 0.054441
2 0.255996 0.431204 0.012823 0.041171
4 0.264896 0.438265 0.012632 0.041341
2 0.283700 0.329893 0.012154 0.026370
1 0.315219 0.374622 0.012210 0.030569
2 0.340656 0.406006 0.010989 0.036539
1 0.354239 0.416407 0.013532 0.038167
2 0.350678 0.465969 0.011904 0.041061
1 0.363447 0.488308 0.012006 0.045583
2 0.321222 0.558672 0.013838 0.048115
4 0.493687 0.712801 0.018666 0.066779
1 0.600469 0.406565 0.007842 0.039390