2 0.415080 0.455637 0.008911 0.039324
1 0.645463 0.644028 0.012485 0.047604
2 0.660031 0.517549 0.010005 0.043267
1 0.679160 0.441771 0.009123 0.040245
1 0.759655 0.333401 0.009277 0.030987
0 0.761336 0.472274 0.004192 0.006879
1 0.748394 0.476555 0.007340 0.041069
2 0.759369 0.422280 0.010925 0.039072
1 0.842559 0.496289 0.009054 0.046159
2 0.839896 0.441727 0.013049 0.042608
1 0.886794 0.610973 0.019139 0.046696
2 0.964536 0.586804 0.013857 0.049981
1 0.961950 0.480774 0.012806 0.045531
4 0.914033 0.437307 0.010841 0.039692
1 0.902418 0.450155 0.009808 0.042904
2 0.961284 0.381631 0.007447 0.038177
1 0.893655 0.327897 0.008482 0.034767
4 0.730672 0.298336 0.006089 0.028804