1 0.685548 0.517519 0.013282 0.041042
2 0.578736 0.582314 0.010594 0.040761
1 0.534856 0.563902 0.006325 0.049475
2 0.578894 0.509789 0.009013 0.039074
1 0.570513 0.510772 0.010594 0.042728
2 0.559603 0.514286 0.010910 0.039636
1 0.565635 0.479040 0.010788 0.043152
2 0.539620 0.473746 0.009327 0.041754
1 0.519176 0.449108 0.007475 0.037276
2 0.478842 0.483710 0.011843 0.042281
1 0.467387 0.535914 0.014949 0.038657
2 0.487336 0.574053 0.013299 0.042799
4 0.436518 0.478360 0.009902 0.045387
2 0.448215 0.431937 0.008445 0.040555
1 0.383952 0.458082 0.008251 0.039002
0 0.395936 0.547242 0.003876 0.006775
1 0.391830 0.526450 0.009330 0.045788
2 0.378703 0.558359 0.010422 0.047410
1 0.408284 0.599775 0.012108 0.051225
2 0.360503 0.533973 0.016783 0.043323
1 0.303342 0.472059 0.011651 0.048845
2 0.208135 0.454747 0.009043 0.046990
1 0.110262 0.491380 0.008262 0.054479
4 0.809295 0.774819 0.014020 0.054173
4 0.021641 0.293041 0.006363 0.033281