2 0.438952 0.441622 0.007227 0.036327
1 0.755423 0.434036 0.012388 0.036368
2 0.757128 0.414639 0.006251 0.044450
1 0.779688 0.396354 0.009547 0.037378
2 0.801508 0.470808 0.010910 0.037984
2 0.788976 0.335809 0.008135 0.031749
1 0.845450 0.336308 0.007948 0.031749
2 0.919528 0.410555 0.006348 0.036470
1 0.917182 0.368525 0.007543 0.033526
2 0.933465 0.329356 0.008279 0.030419
1 0.937328 0.315700 0.008831 0.031564
2 0.983095 0.303598 0.008555 0.029274
1 0.956983 0.477387 0.011517 0.038802
4 0.785891 0.302980 0.004018 0.029255