1 0.326055 0.512598 0.015367 0.050297
2 0.515568 0.577393 0.012231 0.055146
1 0.561324 0.541031 0.011664 0.053185
2 0.609257 0.589095 0.015182 0.054713
1 0.581012 0.470039 0.013332 0.052142
2 0.641798 0.431160 0.013048 0.049419
1 0.577464 0.349732 0.009382 0.042592
2 0.778723 0.382466 0.010295 0.041579
1 0.901960 0.377639 0.013789 0.047358
2 0.931868 0.510639 0.012980 0.052588
1 0.808222 0.688694 0.018156 0.062297
2 0.884174 0.620667 0.015306 0.058246
1 0.902106 0.610840 0.013557 0.061465
2 0.750789 0.704001 0.014944 0.061990
1 0.667400 0.647017 0.012833 0.059176
2 0.723843 0.538602 0.013002 0.058468
1 0.464247 0.495029 0.010356 0.052562
2 0.480453 0.469873 0.011937 0.054529
4 0.687775 0.509432 0.012226 0.053187
4 0.955828 0.774250 0.015734 0.063961
1 0.265996 0.309708 0.011108 0.044514
2 0.598855 0.569550 0.018502 0.054176
4 0.573186 0.169841 0.005162 0.031309
2 0.382552 0.643937 0.017098 0.040529