4 0.316113 0.824216 0.014472 0.057437
2 0.682450 0.442460 0.009955 0.040736
1 0.385579 0.342772 0.004976 0.033958
2 0.386446 0.380163 0.007098 0.034299
1 0.356548 0.487490 0.009527 0.041691
2 0.289575 0.468346 0.013057 0.041407
1 0.214718 0.572302 0.008642 0.041987
2 0.258526 0.359216 0.007307 0.034444
1 0.196967 0.364295 0.006720 0.033109
2 0.164459 0.381919 0.008473 0.037034
1 0.119781 0.453749 0.007406 0.042236
2 0.020824 0.465081 0.008889 0.040101
1 0.037186 0.383589 0.016543 0.039077
2 0.016557 0.329541 0.009060 0.031609