1 0.329857 0.445160 0.007788 0.036290
4 0.544547 0.313636 0.007670 0.026221
1 0.591235 0.321054 0.008541 0.024419
2 0.593701 0.355491 0.013295 0.029115
1 0.557513 0.329507 0.008717 0.030680
2 0.566318 0.360031 0.009421 0.030367
4 0.575343 0.391806 0.007924 0.036315
2 0.532236 0.339710 0.007259 0.025030
1 0.536272 0.365352 0.006570 0.031816
2 0.526292 0.359011 0.010262 0.029813
1 0.518563 0.399430 0.008230 0.032591
2 0.504033 0.383034 0.008570 0.033096
1 0.488453 0.390299 0.009989 0.033701
2 0.499351 0.403113 0.011465 0.036526
1 0.483818 0.431368 0.008897 0.034069
0 0.606621 0.357714 0.003675 0.005628
1 0.624379 0.323870 0.007271 0.026912
1 0.679019 0.331383 0.004925 0.033472
2 0.687872 0.346290 0.007918 0.034026
1 0.581630 0.451379 0.010729 0.037579
2 0.716921 0.472518 0.009073 0.041423
1 0.752270 0.333454 0.009227 0.032333
2 0.802954 0.350453 0.008158 0.035424
4 0.852340 0.782769 0.012727 0.058368
1 0.610176 0.346571 0.007609 0.034807