1 0.019539 0.515889 0.009061 0.037098
2 0.012400 0.671357 0.014003 0.060039
4 0.071705 0.461862 0.007417 0.022475
2 0.091189 0.528388 0.011631 0.036260
1 0.154111 0.493721 0.009676 0.034734
2 0.116803 0.625877 0.010234 0.048959
1 0.236730 0.560874 0.009304 0.036058
2 0.286995 0.509653 0.008540 0.029396
4 0.298261 0.529843 0.007813 0.033596
2 0.264645 0.574099 0.007450 0.040057
1 0.297262 0.629822 0.008722 0.046840
2 0.348958 0.550355 0.007450 0.037149
1 0.369036 0.573453 0.009449 0.040057
1 0.339722 0.462676 0.005375 0.024719
2 0.352341 0.477216 0.005842 0.026796
1 0.344922 0.510555 0.005959 0.029496
2 0.363324 0.503181 0.007244 0.031366
1 0.386985 0.522499 0.008763 0.030535
2 0.430453 0.542490 0.006978 0.034613
1 0.421562 0.579604 0.007428 0.026810
2 0.421337 0.596710 0.008103 0.038614
1 0.472993 0.601312 0.009003 0.040215
4 0.555718 0.693202 0.012954 0.049009
1 0.568044 0.517974 0.007601 0.029498
0 0.086524 0.516549 0.004036 0.005791