2 0.347543 0.353029 0.009107 0.034694
1 0.546522 0.364883 0.012523 0.034694
2 0.517655 0.296073 0.009107 0.029490
4 0.550425 0.222636 0.006343 0.021973
2 0.574087 0.253427 0.007481 0.028045
1 0.588643 0.250970 0.007644 0.028912
2 0.643531 0.261956 0.007481 0.030069
1 0.658411 0.266004 0.009595 0.028334
2 0.672560 0.371678 0.011872 0.035562
4 0.715169 0.281038 0.006993 0.032382
2 0.645970 0.217865 0.007806 0.022841
1 0.659306 0.227551 0.007481 0.026599
2 0.686058 0.237526 0.009270 0.027466
1 0.713055 0.231454 0.007318 0.027466
0 0.760950 0.209719 0.003568 0.004757
1 0.752476 0.213343 0.010831 0.027411
2 0.773565 0.215495 0.007900 0.026278
1 0.771398 0.256724 0.008665 0.028543
2 0.787709 0.245624 0.008665 0.029449
1 0.799432 0.215609 0.008410 0.027864
2 0.815806 0.220932 0.013125 0.028090
1 0.827720 0.340202 0.014017 0.036019
2 0.887887 0.285406 0.009662 0.035756
1 0.874084 0.337463 0.011634 0.037509