1 0.414288 0.440233 0.010567 0.033071
2 0.651716 0.544675 0.013132 0.042647
1 0.653594 0.438296 0.014134 0.033952
2 0.707165 0.421800 0.011653 0.037788
1 0.655508 0.405537 0.007949 0.035328
2 0.839827 0.498778 0.013412 0.044520
1 0.712385 0.337024 0.009553 0.030811
4 0.859856 0.407548 0.016182 0.037961
1 0.913921 0.459254 0.014895 0.040036
2 0.880680 0.366833 0.014322 0.038669
1 0.859352 0.325248 0.011508 0.032918
2 0.648821 0.385257 0.010878 0.031044
4 0.692940 0.305009 0.006861 0.025140
2 0.745733 0.327631 0.013140 0.026696
0 0.741429 0.336561 0.004344 0.006422
2 0.748883 0.344894 0.010655 0.031380
1 0.745711 0.371045 0.016907 0.031299
2 0.849777 0.337243 0.009399 0.031916
1 0.983180 0.450531 0.012955 0.041564