2 0.144307 0.536426 0.006942 0.039827
1 0.176649 0.473460 0.008204 0.035620
4 0.158427 0.378101 0.006468 0.026084
1 0.220744 0.504733 0.008677 0.035900
2 0.244409 0.521701 0.012463 0.024962
1 0.278881 0.422134 0.009150 0.030010
2 0.301046 0.426201 0.007730 0.031413
1 0.330627 0.411196 0.007257 0.028888
4 0.313510 0.520860 0.010886 0.036181
1 0.327945 0.585789 0.006311 0.039827
2 0.378824 0.431250 0.009939 0.029730
1 0.394680 0.570223 0.007257 0.037863
2 0.463702 0.537688 0.006468 0.035620
1 0.468987 0.475283 0.007573 0.030291
2 0.474587 0.452986 0.005837 0.030010
1 0.529647 0.473040 0.005206 0.031413
2 0.564986 0.507397 0.008046 0.034498
1 0.610344 0.452565 0.008204 0.030291
2 0.579737 0.567558 0.007888 0.039266
1 0.595593 0.534883 0.011517 0.036181
2 0.606163 0.548206 0.008362 0.034778
1 0.660276 0.465747 0.006784 0.031974
2 0.632746 0.425360 0.006942 0.026925
4 0.870522 0.755162 0.010124 0.045433