1 0.820829 0.486630 0.008709 0.043108
2 0.893679 0.422942 0.012837 0.037866
1 0.864221 0.654090 0.012294 0.051552
2 0.916939 0.668226 0.011091 0.052740
1 0.935246 0.652903 0.011359 0.053453
2 0.928965 0.758026 0.018308 0.057491
1 0.862283 0.734388 0.018040 0.058204
2 0.769944 0.725955 0.012428 0.060342
1 0.758050 0.640193 0.012428 0.051315
2 0.695911 0.604201 0.014299 0.049652
1 0.607390 0.518293 0.010825 0.039758
4 0.684579 0.305412 0.008533 0.028022
1 0.365786 0.481652 0.009953 0.041445
2 0.572343 0.636206 0.016061 0.043502
1 0.568430 0.626032 0.012291 0.045768
0 0.673094 0.625595 0.004193 0.007129
1 0.682891 0.673881 0.016132 0.045369
2 0.689089 0.686358 0.025429 0.041156
1 0.674838 0.697447 0.009687 0.055557
4 0.777526 0.604547 0.010036 0.050146