2 0.421927 0.448027 0.007142 0.038962
1 0.675182 0.508643 0.010567 0.041571
2 0.685406 0.494468 0.009686 0.042440
1 0.703066 0.469247 0.011349 0.041744
2 0.705120 0.413936 0.014089 0.034091
1 0.698565 0.405761 0.008218 0.035135
2 0.695777 0.381062 0.009490 0.034091
1 0.739755 0.347840 0.009001 0.029221
2 0.775075 0.362625 0.010371 0.033396
4 0.729678 0.297138 0.007240 0.027656
4 0.774292 0.428981 0.008414 0.039483
1 0.850166 0.433590 0.009295 0.039657
2 0.909212 0.318880 0.008218 0.028004
1 0.924279 0.310618 0.010762 0.032352
2 0.976427 0.345318 0.012915 0.035309
1 0.924181 0.348536 0.015067 0.029569
2 0.949130 0.389150 0.010371 0.039483
0 0.962778 0.328968 0.004403 0.006783
2 0.992375 0.430720 0.013502 0.041918
1 0.903048 0.544735 0.009980 0.046267
2 0.820717 0.557693 0.014187 0.045397
1 0.760350 0.677796 0.013208 0.053224