2 0.019978 0.627796 0.011268 0.048497
1 0.018495 0.685782 0.011465 0.054120
2 0.035594 0.547495 0.010477 0.043928
1 0.126526 0.573501 0.010477 0.040414
4 0.142143 0.643786 0.011663 0.048848
1 0.182074 0.614794 0.013244 0.049200
2 0.169620 0.791562 0.020756 0.054120
1 0.220324 0.719695 0.013837 0.053066
2 0.243354 0.760460 0.018779 0.052363
1 0.277552 0.783303 0.016012 0.054471
1 0.375699 0.723209 0.013047 0.049551
2 0.407921 0.717059 0.011861 0.049200
1 0.443305 0.735333 0.012651 0.053417
2 0.400014 0.632189 0.011465 0.046037
1 0.455561 0.607765 0.011861 0.044983
2 0.426799 0.540994 0.012058 0.042171
1 0.215481 0.527288 0.010477 0.042171
2 0.269151 0.457705 0.009489 0.035846
1 0.647210 0.525355 0.008500 0.039008
4 0.566397 0.796427 0.013093 0.054767
4 0.061952 0.379342 0.007619 0.029977
1 0.351187 0.824607 0.010792 0.053424