2 0.485644 0.477049 0.009223 0.030020
1 0.304863 0.500132 0.013764 0.034813
2 0.269672 0.471121 0.009507 0.030777
1 0.222490 0.457751 0.013055 0.028758
2 0.253212 0.499879 0.008088 0.035822
1 0.185880 0.446020 0.008798 0.027497
4 0.139266 0.477049 0.009791 0.034056
2 0.159345 0.464184 0.011352 0.031533
1 0.211706 0.571649 0.013622 0.044147
4 0.550847 0.660195 0.010784 0.044147
1 0.068884 0.443372 0.013197 0.026740
2 0.074347 0.526115 0.012203 0.039858
1 0.002195 0.531539 0.004390 0.041119
2 0.003046 0.481212 0.006093 0.034308
0 0.123168 0.455492 0.002938 0.005224
2 0.055718 0.623218 0.020372 0.055417
2 0.116673 0.445763 0.008960 0.027501