1 0.455770 0.308098 0.012225 0.046116
4 0.804793 0.446957 0.011681 0.048949
1 0.578182 0.192867 0.007342 0.033226
2 0.449941 0.187083 0.009512 0.032929
1 0.443433 0.183523 0.008510 0.032336
2 0.391620 0.161421 0.010680 0.030259
1 0.455281 0.248788 0.010179 0.034116
2 0.353156 0.200877 0.011180 0.034413
1 0.291413 0.218974 0.012515 0.039159
2 0.245357 0.280827 0.013183 0.041236
4 0.216572 0.233658 0.010346 0.041236
2 0.208395 0.235438 0.011347 0.038862
1 0.227752 0.300555 0.015018 0.046279
2 0.198883 0.194054 0.012015 0.035599
1 0.164591 0.216897 0.012515 0.035599
2 0.145568 0.192126 0.015519 0.032929
1 0.115865 0.248788 0.014852 0.038862
2 0.078402 0.275932 0.013683 0.043906
1 0.194545 0.387625 0.016353 0.051322
2 0.065386 0.392965 0.018356 0.050729
1 0.015408 0.308713 0.016520 0.051322
0 0.055565 0.173432 0.005372 0.011323