1 0.343197 0.648564 0.009062 0.045993
2 0.310603 0.584251 0.010524 0.042615
1 0.274573 0.512793 0.008624 0.035859
2 0.315353 0.504868 0.010962 0.038198
1 0.286486 0.467580 0.007893 0.033780
2 0.223635 0.546314 0.016078 0.043135
1 0.207192 0.481092 0.011255 0.035339
2 0.161588 0.557357 0.011255 0.042355
1 0.168312 0.543326 0.010378 0.037678
2 0.208215 0.630764 0.010085 0.044694
1 0.128555 0.592177 0.012716 0.039237
2 0.120589 0.495903 0.006139 0.037938
4 0.151138 0.513053 0.012278 0.037418
2 0.137298 0.465798 0.009464 0.033070
1 0.069417 0.511052 0.012401 0.040032
2 0.061830 0.497998 0.009301 0.036551
1 0.055221 0.566460 0.015991 0.045254
2 0.038659 0.647395 0.010606 0.045254
1 0.010185 0.541947 0.013054 0.040903
4 0.029684 0.383848 0.007017 0.028719
1 0.223052 0.773325 0.014962 0.061178
4 0.328035 0.824749 0.012967 0.054971
1 0.640052 0.508463 0.007709 0.039288