4 0.958350 0.760867 0.025098 0.074467
0 0.806369 0.709421 0.008008 0.012629
2 0.890130 0.671993 0.015112 0.072790
1 0.961199 0.494844 0.016007 0.057704
2 0.938634 0.469549 0.012450 0.052566
1 0.904897 0.412636 0.015451 0.043476
2 0.742530 0.519765 0.008167 0.052379
1 0.729245 0.436785 0.010545 0.032714
2 0.660498 0.482456 0.013646 0.049806
1 0.610565 0.481170 0.009097 0.046498
2 0.561614 0.551101 0.011889 0.054401
4 0.577483 0.427504 0.009924 0.042087
2 0.605448 0.404347 0.008167 0.040617
1 0.624108 0.358951 0.009718 0.038411
2 0.677297 0.405541 0.010441 0.041168
1 0.679623 0.345994 0.010338 0.035287
2 0.550419 0.399424 0.009645 0.038897
1 0.545954 0.389184 0.007323 0.040008
2 0.538184 0.388866 0.010359 0.038738
1 0.563368 0.369338 0.007680 0.034928
2 0.513536 0.414268 0.015717 0.040008
1 0.465233 0.480251 0.011115 0.041303
2 0.442228 0.484381 0.012482 0.046000
1 0.363963 0.384873 0.010278 0.031866
4 0.640135 0.286324 0.006967 0.026216