4 0.742003 0.666478 0.009901 0.045193
2 0.596499 0.494030 0.006556 0.028068
1 0.514147 0.512345 0.006690 0.030922
2 0.477086 0.468341 0.005619 0.025213
1 0.467519 0.489629 0.006288 0.029733
2 0.451731 0.487488 0.004950 0.027830
1 0.449791 0.468579 0.005619 0.024737
2 0.436611 0.500915 0.007025 0.031536
1 0.427138 0.457144 0.004683 0.020687
2 0.394889 0.478840 0.006883 0.026994
1 0.381620 0.475372 0.004612 0.027121
2 0.376866 0.463514 0.004186 0.021570
1 0.373106 0.462757 0.004044 0.021823
2 0.404220 0.546579 0.009224 0.035572
1 0.340396 0.483760 0.006173 0.027247
2 0.335464 0.464460 0.004825 0.025228
4 0.328120 0.488680 0.006883 0.028508
2 0.327126 0.539706 0.005791 0.035967
1 0.288605 0.472268 0.009822 0.026193
2 0.282375 0.469661 0.006304 0.025933
1 0.221901 0.478132 0.006744 0.029321
4 0.206031 0.459367 0.004911 0.021241
1 0.213288 0.507257 0.006524 0.028669
2 0.200020 0.508104 0.008576 0.032448