4 0.661872 0.679690 0.017653 0.059667
1 0.383921 0.643538 0.027853 0.063552
4 0.030265 0.321745 0.008764 0.027799
1 0.050628 0.362222 0.010654 0.037881
2 0.132337 0.392618 0.015637 0.039408
1 0.173181 0.363018 0.010258 0.034194
0 0.228157 0.356043 0.002924 0.005731
1 0.232468 0.345980 0.008997 0.028256
2 0.266699 0.339594 0.009179 0.026653
1 0.283323 0.320918 0.008975 0.025928
2 0.272971 0.396164 0.009689 0.034631
1 0.200094 0.443996 0.008091 0.040852
2 0.360846 0.446945 0.009446 0.041886
4 0.343474 0.383923 0.009229 0.035517
2 0.328382 0.373692 0.008360 0.037833
1 0.340271 0.349371 0.007383 0.028954
2 0.353897 0.341747 0.007926 0.030305
1 0.371975 0.356031 0.010858 0.031077
2 0.419489 0.387870 0.007383 0.036750
1 0.426318 0.411167 0.007998 0.037844
2 0.433024 0.406136 0.007629 0.036531
1 0.448159 0.437745 0.010828 0.037625
2 0.463232 0.443980 0.010705 0.038281
1 0.619414 0.406651 0.008190 0.033638