1 0.146864 0.661997 0.009542 0.047014
4 0.161400 0.383238 0.006952 0.027105
1 0.258152 0.606253 0.008681 0.046301
2 0.364419 0.733520 0.012012 0.052849
1 0.386563 0.739992 0.014803 0.046378
2 0.413952 0.685444 0.010681 0.046141
1 0.405566 0.679587 0.011480 0.042947
2 0.468068 0.600654 0.010465 0.040665
4 0.482608 0.602382 0.007872 0.040500
2 0.512288 0.574312 0.011668 0.033750
1 0.534894 0.511311 0.010142 0.032870
2 0.565591 0.531257 0.008347 0.037019
1 0.571111 0.527188 0.007898 0.035264
2 0.651652 0.603286 0.008495 0.039947
1 0.584379 0.648186 0.010596 0.045306
2 0.618267 0.709649 0.016442 0.039297
1 0.647644 0.769959 0.011533 0.044285
2 0.669573 0.687043 0.010544 0.042020
1 0.674186 0.686887 0.019419 0.025150
2 0.705160 0.701649 0.011247 0.041552
0 0.708359 0.725844 0.004433 0.007794
4 0.774533 0.772727 0.010335 0.050193
1 0.708577 0.541422 0.009074 0.029935
2 0.395993 0.505457 0.011639 0.034047
1 0.354407 0.512338 0.008696 0.033621