2 0.438708 0.466492 0.011640 0.041744
1 0.772054 0.668532 0.014329 0.053495
2 0.762143 0.591687 0.013135 0.046702
1 0.734918 0.498496 0.011702 0.042881
2 0.746381 0.454766 0.014568 0.039484
1 0.778473 0.479398 0.014034 0.043245
2 0.777351 0.440644 0.010666 0.036259
1 0.768462 0.409042 0.008982 0.035594
2 0.799243 0.362304 0.011414 0.034596
1 0.844058 0.400393 0.011601 0.038921
2 0.836760 0.336357 0.011227 0.033265
1 0.892896 0.442807 0.011227 0.038588
4 0.896545 0.476571 0.012163 0.039586
1 0.995192 0.313737 0.009616 0.031269
2 0.990104 0.570047 0.012911 0.046239
4 0.789158 0.298316 0.007402 0.027937