2 0.513187 0.359298 0.005741 0.031772
1 0.560629 0.346300 0.009423 0.027343
2 0.565526 0.337921 0.007427 0.026771
1 0.611549 0.412287 0.007113 0.033006
2 0.629058 0.420283 0.011859 0.032448
1 0.642797 0.435705 0.007337 0.034162
2 0.634281 0.386092 0.007425 0.031212
1 0.657287 0.378385 0.007133 0.030138
2 0.724614 0.460644 0.008317 0.034099
1 0.713156 0.481767 0.010524 0.035306
4 0.772761 0.423236 0.008295 0.032721
1 0.796072 0.397312 0.009124 0.033424
2 0.793664 0.359201 0.008362 0.029733
1 0.812072 0.367069 0.006733 0.029829
2 0.817907 0.382976 0.006506 0.032371
1 0.827278 0.400220 0.005742 0.030625
2 0.837500 0.433787 0.006816 0.035851
1 0.837710 0.483515 0.011310 0.040358
4 0.973811 0.739912 0.012025 0.045738
1 0.607232 0.533112 0.011661 0.038392
2 0.603776 0.499481 0.008033 0.034706
1 0.605463 0.487150 0.010451 0.034799
2 0.281443 0.362852 0.006722 0.032197
0 0.292599 0.381523 0.003267 0.006141
4 0.367627 0.293223 0.006632 0.025547