2 0.890647 0.666191 0.010194 0.046795
1 0.945422 0.473330 0.009586 0.035976
0 0.891261 0.410281 0.003686 0.006745
1 0.746543 0.455955 0.009106 0.035267
1 0.309940 0.429090 0.006430 0.037973
4 0.559242 0.299883 0.006835 0.024016
1 0.602937 0.331917 0.006705 0.026431
2 0.582764 0.374258 0.007638 0.031095
1 0.615210 0.381358 0.006064 0.031199
2 0.568357 0.418356 0.005539 0.031329
1 0.544721 0.430938 0.010294 0.033418
2 0.572246 0.460129 0.008168 0.032324
1 0.558588 0.542845 0.008435 0.039397
2 0.551859 0.628085 0.009887 0.042186
1 0.669782 0.483888 0.007153 0.033843
4 0.652069 0.465264 0.008730 0.033816
1 0.648364 0.422395 0.006439 0.030655
2 0.685023 0.404644 0.008590 0.032418
1 0.692483 0.368408 0.006782 0.027461
2 0.658695 0.308875 0.008881 0.025285
1 0.745009 0.319914 0.009426 0.025902
2 0.757267 0.394230 0.007017 0.028972
1 0.767679 0.458344 0.007318 0.032996
2 0.888527 0.383850 0.007448 0.028772