2 0.600723 0.509263 0.008429 0.034252
1 0.410665 0.511522 0.008028 0.037820
2 0.415348 0.558024 0.007225 0.040436
1 0.396282 0.515447 0.008697 0.037106
2 0.370593 0.457052 0.008162 0.034014
1 0.347514 0.450511 0.008295 0.031873
2 0.281017 0.530194 0.008563 0.037106
1 0.250244 0.460858 0.012309 0.031635
2 0.288844 0.394138 0.006288 0.029495
1 0.347313 0.417924 0.008697 0.029495
4 0.308177 0.505457 0.008831 0.037106
1 0.326307 0.563257 0.008429 0.043766
2 0.294798 0.610710 0.013112 0.042577
1 0.456558 0.795171 0.012577 0.053281
4 0.537839 0.813843 0.011908 0.052567
1 0.115927 0.555700 0.008514 0.042635
2 0.146437 0.507137 0.007947 0.037337
1 0.140690 0.463493 0.009792 0.036328
2 0.047103 0.535140 0.011069 0.033301
1 0.032770 0.706183 0.017029 0.051969
4 0.042845 0.379989 0.007379 0.027246
1 0.467525 0.642358 0.012295 0.044929