2 0.605322 0.665866 0.014215 0.055339
1 0.064117 0.403402 0.013187 0.049780
2 0.192156 0.384155 0.016280 0.041965
4 0.166027 0.313104 0.010907 0.040518
2 0.195575 0.328298 0.014001 0.039071
1 0.200622 0.284596 0.010745 0.043702
2 0.101478 0.273598 0.011396 0.045438
2 0.079908 0.237421 0.011233 0.041965
1 0.192729 0.220043 0.007952 0.037700
2 0.220562 0.267021 0.014248 0.042707
1 0.294784 0.302217 0.016567 0.039467
0 0.341504 0.330198 0.004970 0.010014
1 0.386816 0.330640 0.017727 0.036816
2 0.406697 0.314588 0.011763 0.032399
1 0.395762 0.282042 0.014082 0.040940
2 0.351362 0.253472 0.008781 0.037406
1 0.366769 0.258332 0.013751 0.040645
2 0.613375 0.330934 0.013254 0.043296
1 0.094676 0.315619 0.011280 0.043013