1 0.586899 0.340981 0.014499 0.045628
2 0.283328 0.458162 0.012666 0.048887
1 0.278578 0.484827 0.010500 0.048887
2 0.222663 0.365276 0.013999 0.050368
1 0.222747 0.325722 0.011833 0.044739
2 0.188248 0.294909 0.011500 0.043554
1 0.183331 0.264836 0.008666 0.044443
2 0.161999 0.255651 0.009333 0.040295
1 0.108001 0.295798 0.010000 0.043554
4 0.096168 0.285724 0.010000 0.043554
1 0.156916 0.347055 0.010500 0.047109
2 0.163749 0.381720 0.010833 0.047109
1 0.103251 0.447792 0.011500 0.051257
2 0.083502 0.444829 0.011000 0.055405
1 0.146583 0.547640 0.013833 0.057183
2 0.156833 0.661265 0.014333 0.061035
4 0.345075 0.700078 0.012166 0.058664