1 0.330445 0.457198 0.010686 0.033648
2 0.452076 0.509402 0.013413 0.041921
1 0.475116 0.529304 0.012980 0.039806
2 0.520094 0.536205 0.011021 0.040924
1 0.532271 0.429010 0.014688 0.032502
2 0.590401 0.388281 0.014869 0.032914
1 0.597404 0.377622 0.015253 0.030015
2 0.607524 0.425800 0.007866 0.033938
0 0.599658 0.440637 0.004796 0.008357
4 0.599274 0.307359 0.009017 0.024558
4 0.664835 0.478086 0.012316 0.039960
2 0.687672 0.427270 0.012624 0.039413
1 0.715973 0.493042 0.014127 0.041111
2 0.756504 0.397400 0.014594 0.034255
1 0.790481 0.401758 0.011858 0.013783
2 0.813536 0.439786 0.009508 0.037618
1 0.878974 0.607246 0.021253 0.051041
2 0.946298 0.337232 0.014215 0.033230
1 0.948026 0.327179 0.009346 0.030996
2 0.930080 0.384563 0.010838 0.037698
1 0.934635 0.437410 0.014765 0.041188
2 0.968720 0.443414 0.013508 0.041747
1 0.955566 0.484672 0.009817 0.045237
2 0.963707 0.570214 0.016608 0.047804