2 0.382594 0.456432 0.009627 0.038559
4 0.677597 0.298580 0.007287 0.028619
2 0.689035 0.356571 0.007117 0.031933
1 0.694712 0.406730 0.008642 0.035849
2 0.658957 0.413810 0.015082 0.036151
1 0.625150 0.440772 0.009828 0.040669
2 0.615260 0.467447 0.008494 0.038121
1 0.624102 0.500864 0.011418 0.042082
2 0.587900 0.526113 0.010025 0.047032
1 0.601476 0.536634 0.010722 0.043319
4 0.694307 0.505335 0.014440 0.040124
1 0.815580 0.305472 0.007179 0.030269
2 0.557449 0.599300 0.012106 0.048614
1 0.561632 0.718806 0.015534 0.053506
2 0.695923 0.615650 0.012861 0.051043
1 0.743028 0.557533 0.011963 0.049657
2 0.769108 0.634524 0.012465 0.057959
1 0.783439 0.392149 0.009613 0.032864
2 0.781073 0.445256 0.010500 0.036019
1 0.893319 0.455641 0.010500 0.046798
2 0.904484 0.504937 0.010944 0.049164
1 0.982420 0.418834 0.010944 0.041014
0 0.918694 0.458818 0.004916 0.008844