4 0.482008 0.310113 0.008891 0.026033
2 0.457602 0.344979 0.007845 0.029443
1 0.471287 0.353657 0.007322 0.031302
2 0.472856 0.339245 0.006973 0.032232
1 0.490115 0.393636 0.006625 0.033162
2 0.466774 0.418718 0.009036 0.034931
1 0.489650 0.471243 0.013482 0.037991
2 0.440313 0.468948 0.010326 0.035951
1 0.421237 0.447275 0.008318 0.032891
2 0.392266 0.466526 0.010900 0.035186
1 0.448032 0.543310 0.009033 0.043716
2 0.594988 0.564871 0.011208 0.046987
1 0.626855 0.478628 0.008364 0.039255
2 0.610294 0.475803 0.011041 0.026468
1 0.622088 0.467030 0.006524 0.036876
4 0.602432 0.432087 0.008364 0.035389
1 0.706268 0.440189 0.011500 0.036540
2 0.809036 0.415612 0.008075 0.039585
1 0.829835 0.464114 0.010032 0.043500
2 0.853937 0.518707 0.008809 0.047415
1 0.866660 0.509137 0.013213 0.044805
2 0.748599 0.567862 0.011500 0.046545
4 0.864458 0.782099 0.012234 0.060030
1 0.323670 0.437053 0.006830 0.036634