4 0.400830 0.816612 0.010704 0.051423
4 0.009258 0.375598 0.006781 0.026769
0 0.205800 0.692048 0.002982 0.008365
1 0.204430 0.677408 0.012578 0.044722
2 0.163445 0.603378 0.010449 0.045281
1 0.227012 0.594864 0.011538 0.041411
2 0.222114 0.545035 0.007837 0.038895
1 0.303240 0.455991 0.009893 0.034482
2 0.354672 0.535495 0.009995 0.038078
1 0.118453 0.423256 0.007956 0.031550
2 0.083316 0.476202 0.008058 0.034089
1 0.075055 0.568586 0.009077 0.040798
2 0.034512 0.642838 0.011219 0.046781
1 0.116668 0.699774 0.009281 0.052221
2 0.240908 0.806803 0.016260 0.052509
1 0.318247 0.664965 0.010998 0.047367
2 0.587160 0.529479 0.008496 0.037760