4 0.150715 0.380150 0.006393 0.027550
4 0.818645 0.763274 0.017018 0.044167
4 0.446020 0.455586 0.009186 0.029939
0 0.609364 0.425354 0.002668 0.005980
2 0.585122 0.408137 0.011715 0.024744
1 0.559721 0.437005 0.007307 0.029281
2 0.682321 0.496803 0.010323 0.031755
1 0.572450 0.483379 0.011962 0.032152
2 0.598297 0.511480 0.012674 0.036202
1 0.605773 0.544770 0.011392 0.033924
2 0.594348 0.560001 0.005979 0.036024
1 0.512631 0.520582 0.009966 0.033957
2 0.466623 0.454145 0.008637 0.027461
1 0.504492 0.421074 0.007308 0.028642
2 0.454083 0.446616 0.007806 0.027165
1 0.405319 0.417832 0.006164 0.029951
2 0.378096 0.407605 0.008013 0.028490
1 0.349230 0.404318 0.010684 0.030681
2 0.317898 0.400848 0.005958 0.028124
1 0.410558 0.512615 0.007602 0.031777
2 0.264891 0.466046 0.007602 0.034334
1 0.302078 0.507319 0.008013 0.036525
2 0.422680 0.625661 0.010067 0.039447
1 0.172847 0.453810 0.011300 0.033969
2 0.142645 0.521381 0.006369 0.037621