2 0.836298 0.676874 0.017480 0.057789
1 0.865737 0.462618 0.015027 0.046885
2 0.726301 0.454900 0.011208 0.042066
1 0.651890 0.464309 0.013492 0.040959
4 0.646182 0.415970 0.010793 0.035055
1 0.525072 0.538071 0.010297 0.040729
2 0.519489 0.441618 0.015602 0.034041
1 0.530271 0.406765 0.011215 0.034086
2 0.502144 0.447283 0.015013 0.036659
1 0.621073 0.376859 0.011215 0.031514
2 0.636539 0.358209 0.012119 0.030870
1 0.594031 0.344060 0.007778 0.030227
2 0.635815 0.376859 0.008501 0.032157
0 0.538320 0.366248 0.004160 0.006431
2 0.514082 0.363997 0.016822 0.027012
1 0.538953 0.345828 0.010491 0.027333
4 0.572075 0.308366 0.007511 0.024440
1 0.769291 0.350886 0.015216 0.035767
2 0.724657 0.326691 0.009130 0.030056
1 0.833134 0.361628 0.010562 0.036052
2 0.956444 0.390151 0.009696 0.042188
1 0.503440 0.528682 0.011334 0.042623
2 0.350760 0.447892 0.011552 0.037586