2 0.450678 0.434909 0.007881 0.038166
1 0.689734 0.389670 0.009533 0.036976
2 0.676066 0.435627 0.011229 0.038043
1 0.690257 0.496558 0.009903 0.038286
2 0.740009 0.408249 0.012261 0.033256
1 0.750699 0.347606 0.010689 0.032138
2 0.766025 0.364374 0.011475 0.033815
1 0.775064 0.494183 0.009117 0.042478
2 0.805246 0.371500 0.007545 0.034094
4 0.873233 0.413559 0.012733 0.038286
2 0.976039 0.332655 0.015248 0.033535
1 0.992068 0.407970 0.015865 0.036050
2 0.994504 0.503685 0.010992 0.043037
4 0.729254 0.294754 0.009023 0.026372
0 0.887397 0.292056 0.002936 0.005399