1 0.308444 0.432915 0.008650 0.035440
4 0.509326 0.296739 0.006471 0.020966
1 0.507449 0.313218 0.006306 0.025512
2 0.502864 0.359830 0.006747 0.029462
1 0.492595 0.405497 0.006570 0.034092
2 0.476496 0.437221 0.006096 0.034197
1 0.483539 0.446270 0.007043 0.033987
2 0.492341 0.544953 0.010109 0.041560
1 0.513278 0.572057 0.010282 0.042083
2 0.466218 0.618228 0.009101 0.042671
1 0.448576 0.691629 0.009593 0.046963
2 0.714068 0.668282 0.011166 0.048014
4 0.955903 0.737726 0.013806 0.044812
2 0.869349 0.553794 0.010493 0.042009
1 0.797952 0.417257 0.008635 0.033065
2 0.713019 0.338947 0.009645 0.026422
1 0.768943 0.504190 0.007816 0.038550
2 0.710468 0.493847 0.008059 0.034580
1 0.650965 0.562969 0.006817 0.037402
4 0.569919 0.511368 0.006484 0.037618
2 0.569755 0.462762 0.006567 0.034555
1 0.551952 0.413165 0.008440 0.034100
2 0.670329 0.433956 0.005638 0.033726
1 0.574474 0.453269 0.006713 0.035558