1 0.475064 0.443096 0.006241 0.037906
2 0.843399 0.388489 0.008619 0.037943
1 0.842441 0.403569 0.009988 0.039403
1 0.854413 0.423757 0.009030 0.041835
2 0.830675 0.466930 0.008893 0.042565
1 0.850992 0.515819 0.013408 0.043051
2 0.872199 0.547438 0.010672 0.047429
1 0.895526 0.428500 0.009714 0.041105
2 0.890395 0.365139 0.007388 0.036484
1 0.907839 0.368666 0.012724 0.034782
4 0.922000 0.460606 0.007935 0.042565
1 0.997666 0.360275 0.004667 0.034052
4 0.857443 0.292970 0.007392 0.029673
1 0.854477 0.395610 0.008333 0.023168