4 0.024176 0.293595 0.006571 0.034024
2 0.175519 0.477908 0.009757 0.052528
1 0.298355 0.478971 0.011874 0.041237
2 0.291405 0.431680 0.012702 0.041891
1 0.321182 0.537144 0.012610 0.052200
2 0.362695 0.479626 0.013163 0.043528
1 0.386857 0.493044 0.016200 0.050073
2 0.398271 0.500081 0.014727 0.045491
4 0.410513 0.475044 0.009205 0.039273
2 0.428232 0.499753 0.010769 0.044509
1 0.420868 0.553344 0.009849 0.047618
2 0.418797 0.604399 0.013255 0.050564
1 0.504052 0.535328 0.013307 0.049832
2 0.530290 0.538264 0.010665 0.043624
1 0.503061 0.508818 0.011514 0.045470
2 0.519672 0.488852 0.010759 0.045470
1 0.543833 0.473080 0.012269 0.042114
2 0.559736 0.488432 0.012552 0.044966
2 0.576064 0.555882 0.011231 0.044295
1 0.723295 0.527190 0.010476 0.043624
2 0.487819 0.464439 0.011231 0.040268
1 0.464319 0.457140 0.017271 0.040436
4 0.906388 0.774426 0.012689 0.054732
1 0.572242 0.522079 0.014155 0.046483