4 0.483479 0.233802 0.006787 0.022608
4 0.549437 0.290999 0.006183 0.034598
1 0.342608 0.372893 0.008528 0.036592
2 0.409262 0.368562 0.011285 0.034540
1 0.396887 0.401848 0.007182 0.034768
2 0.415418 0.404128 0.010901 0.038644
1 0.437478 0.467780 0.009100 0.036310
2 0.431264 0.276756 0.007011 0.028548
1 0.451254 0.280377 0.010421 0.028043
2 0.447417 0.311031 0.005874 0.030064
1 0.511406 0.248185 0.006109 0.023469
2 0.509361 0.279616 0.006885 0.027243
1 0.489662 0.294341 0.006937 0.026875
2 0.496468 0.327138 0.007087 0.032671
1 0.615600 0.314467 0.007201 0.029971
2 0.636030 0.235274 0.007601 0.026821
1 0.679062 0.267259 0.009086 0.030107
2 0.704124 0.277247 0.009089 0.031930
1 0.598971 0.447504 0.011537 0.039132
2 0.696503 0.437689 0.008281 0.039887
1 0.792513 0.297203 0.007361 0.034980
4 0.934171 0.692139 0.009982 0.052664
1 0.553980 0.223791 0.008944 0.027719
2 0.496077 0.228350 0.007660 0.024132