1 0.373837 0.455262 0.007672 0.036269
2 0.502162 0.579336 0.009746 0.043422
1 0.551892 0.606474 0.011508 0.048014
2 0.503277 0.532678 0.009864 0.044465
1 0.516664 0.489048 0.009394 0.043213
2 0.521126 0.477984 0.008690 0.039873
1 0.548017 0.454707 0.009394 0.039664
2 0.556060 0.433101 0.008807 0.035280
1 0.579076 0.400326 0.009512 0.038620
2 0.588411 0.388740 0.007515 0.032984
1 0.605908 0.368386 0.008924 0.034445
4 0.585503 0.502985 0.010089 0.044543
2 0.666807 0.449773 0.008912 0.036173
1 0.720534 0.314798 0.008072 0.031688
2 0.698001 0.387591 0.010762 0.034379
1 0.485200 0.699801 0.013748 0.052831
2 0.717803 0.572043 0.011526 0.051597
1 0.768421 0.624011 0.013054 0.051844
2 0.818135 0.539209 0.010832 0.050116
1 0.795916 0.485637 0.009721 0.045672
2 0.741550 0.471442 0.009582 0.042956
1 0.905605 0.376885 0.014538 0.035502
0 0.891547 0.392364 0.004313 0.009656
4 0.976387 0.797452 0.017606 0.060673
4 0.625067 0.304916 0.010146 0.027351