2 0.421470 0.375454 0.007723 0.033919
4 0.701373 0.210509 0.004805 0.025158
2 0.716793 0.288731 0.008261 0.030493
1 0.697299 0.313612 0.007892 0.033299
2 0.709225 0.330699 0.008804 0.036043
1 0.696038 0.369177 0.008772 0.040738
2 0.686960 0.394299 0.008160 0.039574
1 0.736146 0.502157 0.010911 0.045966
2 0.814400 0.413491 0.008806 0.043469
4 0.823842 0.357619 0.011016 0.036025
2 0.858696 0.323269 0.008087 0.037436
1 0.775809 0.303964 0.006893 0.033602
2 0.798922 0.209579 0.006637 0.028079
1 0.908058 0.266512 0.008791 0.030700
2 0.989505 0.314453 0.008540 0.038015
1 0.750331 0.633531 0.013255 0.050496
2 0.895384 0.634906 0.013645 0.051271
1 0.860140 0.557882 0.017071 0.048559