1 0.330409 0.298192 0.007774 0.043973
2 0.561038 0.629395 0.014235 0.054080
1 0.577468 0.491102 0.009497 0.048433
2 0.601306 0.408732 0.007482 0.043658
1 0.633538 0.318347 0.009785 0.040929
2 0.647241 0.261898 0.006935 0.035813
4 0.680149 0.185086 0.006270 0.031342
2 0.714173 0.200819 0.007302 0.032961
1 0.623549 0.446971 0.007281 0.047782
2 0.671550 0.405342 0.009259 0.043148
4 0.696005 0.416751 0.010136 0.042282
2 0.708531 0.374609 0.011009 0.044076
1 0.716853 0.313118 0.008235 0.040378
2 0.778995 0.346394 0.009426 0.041333
1 0.788874 0.291097 0.009636 0.035003
2 0.776797 0.421080 0.008381 0.043075
1 0.702975 0.488813 0.014132 0.046691
2 0.847977 0.547981 0.013664 0.052884
0 0.845807 0.456725 0.005647 0.009603
2 0.857101 0.445521 0.014159 0.047725
1 0.852054 0.341658 0.009160 0.039970
2 0.894522 0.407122 0.009715 0.045891
1 0.939071 0.305472 0.009807 0.040298