1 0.331900 0.452914 0.007082 0.038882
2 0.515801 0.447427 0.009177 0.037426
1 0.524174 0.456268 0.008650 0.039459
2 0.486148 0.503996 0.008976 0.046133
1 0.520584 0.507043 0.009955 0.040040
2 0.470643 0.554626 0.009629 0.045262
1 0.448855 0.683449 0.020237 0.049904
2 0.482965 0.618312 0.012077 0.047293
1 0.508017 0.621214 0.010608 0.044972
2 0.579664 0.374448 0.008650 0.032496
1 0.595250 0.375464 0.007834 0.033947
2 0.659716 0.357330 0.010772 0.028434
1 0.683217 0.420146 0.008813 0.036848
2 0.676607 0.332088 0.009303 0.027854
1 0.706474 0.326140 0.012893 0.027563
2 0.665591 0.488039 0.009466 0.039749
4 0.608388 0.459460 0.009303 0.040620
4 0.603549 0.306518 0.006966 0.025955
1 0.767399 0.423044 0.009562 0.041456
2 0.802209 0.502823 0.011743 0.047122
1 0.798854 0.546963 0.010401 0.047122
2 0.892968 0.510130 0.011408 0.048017
1 0.893052 0.403956 0.009898 0.039666
0 0.713868 0.334474 0.003352 0.005767
4 0.943256 0.793178 0.009769 0.057503