1 0.314645 0.429933 0.008968 0.035872
2 0.526794 0.543776 0.007847 0.041352
1 0.575137 0.491961 0.008127 0.040356
2 0.532118 0.458331 0.007847 0.036868
1 0.535621 0.427192 0.015974 0.035374
2 0.533379 0.407264 0.009248 0.035374
1 0.544029 0.369897 0.007567 0.032384
4 0.542768 0.299749 0.008407 0.026202
1 0.584393 0.324101 0.008231 0.024532
2 0.533433 0.685623 0.013799 0.046051
1 0.647215 0.546609 0.010894 0.040026
2 0.631479 0.487001 0.008473 0.037874
4 0.622885 0.479900 0.008715 0.036583
2 0.719600 0.443102 0.007989 0.037874
1 0.699749 0.423089 0.008473 0.036583
2 0.711611 0.391671 0.007505 0.032279
1 0.607149 0.414912 0.006294 0.033139
2 0.610054 0.404798 0.008715 0.034431
1 0.667551 0.349064 0.008473 0.029696
2 0.631842 0.307101 0.009684 0.026684
0 0.742841 0.343038 0.003147 0.006456
2 0.748288 0.333570 0.006294 0.028836
1 0.837982 0.388659 0.010410 0.031418
2 0.906131 0.493457 0.012105 0.037013