1 0.340749 0.469179 0.013209 0.036738
2 0.490730 0.567651 0.012356 0.040525
1 0.520449 0.542844 0.013848 0.039389
2 0.487428 0.533186 0.014700 0.041283
1 0.505004 0.548335 0.015339 0.040525
2 0.496908 0.483571 0.010226 0.031435
1 0.497441 0.526179 0.012995 0.039389
2 0.495215 0.479147 0.007498 0.033325
1 0.513455 0.451974 0.011680 0.039477
2 0.543736 0.476712 0.013410 0.037683
1 0.541357 0.444412 0.009805 0.035119
2 0.555271 0.476455 0.019178 0.039221
0 0.555416 0.418778 0.004758 0.007947
1 0.582020 0.499911 0.015861 0.036401
1 0.605379 0.401090 0.011824 0.034607
1 0.669751 0.418823 0.016432 0.036346
4 0.720577 0.493894 0.011847 0.041781
4 0.585894 0.316296 0.007976 0.028360
2 0.924581 0.362277 0.009511 0.039100
1 0.941621 0.377776 0.011096 0.039804
2 0.983032 0.388520 0.014662 0.037338