1 0.361395 0.433477 0.009588 0.032780
2 0.371721 0.512936 0.011653 0.035927
1 0.395248 0.521065 0.017406 0.037500
2 0.427111 0.473993 0.009736 0.039336
1 0.432716 0.479107 0.010621 0.036451
2 0.485377 0.424561 0.005605 0.035927
1 0.511929 0.414202 0.009441 0.033567
2 0.541726 0.386798 0.005310 0.028584
4 0.517461 0.475567 0.007818 0.041434
2 0.510380 0.539422 0.011653 0.044319
1 0.540694 0.483434 0.008851 0.043532
2 0.570786 0.472158 0.009736 0.038812
1 0.616588 0.480287 0.010473 0.041959
0 0.662906 0.546110 0.004868 0.008392
1 0.669323 0.534440 0.015046 0.055857
2 0.602540 0.387441 0.013012 0.032788
4 0.603558 0.323274 0.004865 0.023535
2 0.618833 0.403533 0.008939 0.036811
1 0.676368 0.329409 0.010410 0.026954
2 0.685646 0.419122 0.009052 0.040230
1 0.393349 0.598580 0.009565 0.050729
2 0.418616 0.676941 0.014507 0.057814
1 0.798036 0.526843 0.009551 0.053181
2 0.856874 0.427208 0.011173 0.043570
4 0.812063 0.880369 0.026432 0.080413