2 0.278917 0.419439 0.007366 0.034164
1 0.305600 0.401643 0.008370 0.034045
2 0.313903 0.378311 0.007700 0.030474
1 0.322608 0.401286 0.007566 0.034045
2 0.333121 0.406107 0.008370 0.034164
1 0.325487 0.427236 0.008504 0.033569
2 0.307494 0.463316 0.008480 0.035383
1 0.354397 0.483931 0.010730 0.034153
2 0.377800 0.416053 0.006357 0.030346
1 0.385157 0.421389 0.007181 0.033485
2 0.382626 0.379428 0.006828 0.029090
1 0.342778 0.369801 0.007416 0.027416
2 0.325885 0.342490 0.008711 0.027207
4 0.337687 0.295033 0.008726 0.026612
4 0.437019 0.389848 0.008199 0.033299
1 0.510680 0.338859 0.008498 0.027407
2 0.512667 0.368269 0.009283 0.029815
1 0.533962 0.370626 0.008191 0.029538
2 0.512797 0.434029 0.006144 0.033560
1 0.579138 0.433017 0.009669 0.033090
2 0.627423 0.441611 0.008340 0.035668
1 0.603299 0.508872 0.008262 0.039678
4 0.878840 0.734016 0.009809 0.046199
1 0.741222 0.410337 0.006157 0.032950