4 0.504188 0.708074 0.010040 0.062286
4 0.174742 0.384234 0.017324 0.037022
2 0.050840 0.379651 0.011846 0.035643
1 0.015921 0.350104 0.010395 0.036186
2 0.139548 0.353726 0.009117 0.033731
1 0.203698 0.419823 0.007020 0.037401
2 0.198861 0.353325 0.006559 0.034735
1 0.177837 0.324568 0.010638 0.030356
2 0.276256 0.387182 0.008541 0.034882
1 0.309511 0.465018 0.011041 0.041511
2 0.356185 0.478010 0.013587 0.038536
1 0.314782 0.407263 0.009460 0.038308
2 0.289359 0.385927 0.012681 0.036594
1 0.297212 0.357477 0.011756 0.032360
2 0.583562 0.405659 0.008607 0.034417
1 0.207603 0.322304 0.010551 0.028995
2 0.021297 0.326011 0.014103 0.030858
1 0.047985 0.323246 0.008896 0.029187
1 0.052069 0.320802 0.008302 0.028330
1 0.115426 0.321238 0.008302 0.028330
1 0.297317 0.351602 0.008565 0.030358