0 0.349940 0.425950 0.003833 0.007649
4 0.499635 0.257832 0.008496 0.028339
4 0.479220 0.496317 0.007665 0.043264
4 0.912389 0.865099 0.011898 0.057338
2 0.294724 0.412136 0.018413 0.035298
1 0.326504 0.441617 0.013200 0.036284
2 0.360446 0.445561 0.012312 0.035890
1 0.365770 0.437082 0.010538 0.041806
2 0.389619 0.444378 0.012534 0.039439
1 0.337085 0.494744 0.011710 0.041195
2 0.299581 0.546109 0.012864 0.040732
1 0.338104 0.555875 0.011085 0.046067
2 0.392329 0.540274 0.013856 0.043470
1 0.412909 0.523339 0.012633 0.047635
2 0.422958 0.435214 0.011968 0.041061
1 0.401262 0.380390 0.009457 0.032396
2 0.421484 0.366926 0.009919 0.036906
1 0.474820 0.414685 0.007374 0.037792
2 0.483481 0.528035 0.011541 0.043158
1 0.553187 0.450326 0.007508 0.040189
2 0.592056 0.493698 0.009023 0.042532
1 0.594682 0.581847 0.014289 0.052198
2 0.767373 0.507816 0.009740 0.045091
1 0.780359 0.477527 0.006886 0.044208
2 0.800220 0.527428 0.008445 0.048756