1 0.482766 0.447430 0.011336 0.038290
2 0.832609 0.338733 0.012632 0.035019
1 0.888813 0.346346 0.013703 0.034258
2 0.896092 0.365187 0.009421 0.036161
1 0.835713 0.412958 0.011990 0.038825
2 0.814838 0.425329 0.013061 0.039967
4 0.800813 0.301050 0.007708 0.028929
0 0.895557 0.341207 0.004925 0.008755
1 0.792891 0.454828 0.014559 0.043393
2 0.835820 0.515540 0.010491 0.045296
1 0.968890 0.472338 0.013703 0.043393
2 0.961931 0.414480 0.010491 0.041109
1 0.995043 0.425709 0.009913 0.039967
2 0.978204 0.331120 0.011348 0.035780