1 0.439497 0.598231 0.013699 0.058302
2 0.562270 0.461332 0.011416 0.047232
1 0.490142 0.440299 0.011208 0.048708
2 0.506851 0.364470 0.009340 0.044649
1 0.514323 0.376831 0.009755 0.045018
2 0.525843 0.338640 0.013284 0.042435
1 0.539646 0.350448 0.007265 0.044649
2 0.542552 0.308198 0.008510 0.042804
1 0.551269 0.305615 0.010171 0.039852
2 0.562478 0.272220 0.011001 0.039483
2 0.613227 0.387163 0.009963 0.045018
1 0.597763 0.391038 0.011831 0.043911
2 0.322328 0.293622 0.011831 0.042435
1 0.665428 0.196760 0.013076 0.036162
2 0.741915 0.427938 0.009963 0.046863
1 0.728216 0.490668 0.012039 0.049815
4 0.705799 0.439930 0.016190 0.047232
0 0.732782 0.436794 0.005812 0.010701
2 0.818505 0.316869 0.009133 0.042435
1 0.861575 0.401923 0.011001 0.050184
2 0.626027 0.331470 0.008298 0.030944
4 0.617355 0.174374 0.005672 0.031159
2 0.756756 0.396266 0.009570 0.045427
4 0.945883 0.773867 0.017580 0.057398