2 0.115408 0.667103 0.011210 0.047186
1 0.097974 0.655673 0.011787 0.045428
2 0.294783 0.735315 0.014990 0.048791
4 0.779354 0.766846 0.011417 0.046352
2 0.640503 0.560671 0.006900 0.037400
1 0.656467 0.497896 0.007982 0.033552
2 0.562812 0.499821 0.008185 0.036919
1 0.530478 0.446366 0.006697 0.032951
0 0.516644 0.453822 0.003518 0.004089
1 0.083165 0.560571 0.012244 0.043053
2 0.106537 0.521727 0.009335 0.038002
1 0.083909 0.498758 0.010620 0.038723
2 0.097844 0.448971 0.012379 0.036559
1 0.121994 0.439952 0.006697 0.034634
4 0.102478 0.377718 0.006494 0.028261
1 0.199684 0.508920 0.008794 0.039806
4 0.260937 0.510062 0.008456 0.037521
1 0.276124 0.470858 0.011094 0.037280
2 0.225436 0.400140 0.005632 0.029791
1 0.389563 0.443668 0.008686 0.031619
2 0.341468 0.612836 0.012650 0.041850
1 0.329562 0.525829 0.009267 0.036438
2 0.342043 0.540681 0.008659 0.037761
1 0.471780 0.505640 0.011120 0.034525
2 0.498106 0.529436 0.008648 0.037814