0 0.472336 0.748275 0.006382 0.011652
2 0.395927 0.780165 0.013971 0.055194
1 0.610665 0.614430 0.012246 0.054274
2 0.386341 0.551747 0.016694 0.048737
1 0.322629 0.552155 0.011180 0.047376
4 0.635303 0.818218 0.011108 0.058906
1 0.672782 0.511633 0.010687 0.045984
1 0.446052 0.452127 0.010261 0.043451
2 0.385811 0.403265 0.011906 0.039862
1 0.284499 0.468079 0.010679 0.043007
2 0.274910 0.457812 0.009807 0.038745
4 0.153626 0.508568 0.013948 0.044944
2 0.153299 0.559324 0.013294 0.051918
1 0.169862 0.612210 0.012858 0.047656
2 0.150210 0.401738 0.010567 0.035811
1 0.161175 0.372249 0.008687 0.037247
1 0.094319 0.476267 0.012945 0.044211
2 0.110806 0.533537 0.010254 0.045922
1 0.005856 0.690412 0.011185 0.052349
2 0.085178 0.703397 0.011413 0.053972
1 0.010763 0.572525 0.012783 0.048697
2 0.044775 0.538844 0.015979 0.047885
2 0.448364 0.460735 0.010273 0.040172
4 0.173986 0.319732 0.008077 0.029721