2 0.317677 0.398607 0.010040 0.034174
1 0.361631 0.342558 0.008081 0.035262
2 0.399342 0.312303 0.008326 0.031344
1 0.388568 0.363454 0.008326 0.031344
2 0.370814 0.380541 0.010040 0.035044
1 0.359856 0.396104 0.010407 0.036133
2 0.337450 0.426033 0.015060 0.034609
1 0.401301 0.469893 0.012733 0.034827
2 0.358448 0.460751 0.017876 0.028732
0 0.339164 0.474682 0.005265 0.008707
1 0.467234 0.294236 0.009917 0.030038
2 0.438889 0.340490 0.008571 0.032432
4 0.469744 0.362910 0.010040 0.031997
2 0.507944 0.332872 0.009795 0.031562
1 0.561510 0.262131 0.007714 0.028079
2 0.638829 0.256689 0.008815 0.030691
1 0.565760 0.316196 0.008089 0.027998
2 0.610752 0.315051 0.010308 0.032071
1 0.661328 0.303342 0.008519 0.033598
2 0.802782 0.333721 0.010547 0.040953
1 0.779330 0.406664 0.010454 0.041447
4 0.930474 0.689406 0.014418 0.061195
4 0.439443 0.237147 0.004871 0.022074
2 0.356572 0.452558 0.009441 0.018776