2 0.668859 0.583021 0.009634 0.041963
1 0.855445 0.568748 0.012204 0.041678
2 0.971588 0.521710 0.011166 0.038293
4 0.881232 0.416545 0.009582 0.035196
2 0.816139 0.475416 0.010437 0.036125
1 0.844263 0.393315 0.006465 0.032184
2 0.748990 0.432148 0.006743 0.033333
1 0.739938 0.371147 0.006373 0.029228
2 0.662676 0.428946 0.007759 0.032841
0 0.635336 0.407764 0.003510 0.005583
2 0.427941 0.440457 0.006846 0.037785
1 0.632759 0.378790 0.009533 0.032954
2 0.905909 0.363176 0.008209 0.031855
1 0.948014 0.431752 0.009621 0.035308
2 0.916192 0.432301 0.006708 0.034209
1 0.852109 0.370630 0.005649 0.031699
2 0.980353 0.545040 0.008586 0.037376
1 0.994304 0.481246 0.011391 0.037376
2 0.793887 0.483594 0.009687 0.035420
1 0.814415 0.313737 0.005174 0.023678
4 0.623161 0.302681 0.008586 0.025439