4 0.020526 0.378960 0.007369 0.027972
2 0.031480 0.443756 0.007369 0.033637
1 0.035463 0.556884 0.007768 0.040365
2 0.060459 0.505011 0.009162 0.037886
1 0.143114 0.443402 0.006373 0.033637
2 0.112641 0.520591 0.011950 0.040011
1 0.131064 0.556175 0.007369 0.038240
4 0.177271 0.523423 0.009361 0.038594
0 0.154666 0.541835 0.003585 0.006019
2 0.159744 0.526964 0.010954 0.038594
1 0.236125 0.572463 0.007170 0.039657
2 0.090733 0.631063 0.010357 0.044968
1 0.014053 0.662576 0.008763 0.047800
2 0.017040 0.642570 0.013942 0.041781
1 0.322764 0.808809 0.012348 0.049217
2 0.427426 0.734099 0.010556 0.046384
4 0.471642 0.810226 0.010158 0.050633
2 0.311610 0.598311 0.013543 0.044614
1 0.351344 0.564142 0.010954 0.040011
2 0.371361 0.535285 0.009560 0.040365
1 0.390979 0.539357 0.010556 0.039303
2 0.658860 0.510500 0.008564 0.034700