1 0.614610 0.626037 0.013917 0.047472
2 0.563694 0.587215 0.012107 0.048276
1 0.511250 0.586510 0.016067 0.042845
2 0.355898 0.399943 0.009052 0.031380
1 0.490600 0.454756 0.009391 0.042041
2 0.489808 0.431825 0.008939 0.032385
1 0.556509 0.366451 0.009504 0.034799
2 0.546835 0.350258 0.007581 0.030977
1 0.569283 0.314522 0.008285 0.030450
2 0.563931 0.297726 0.005958 0.026974
4 0.579182 0.223061 0.004887 0.021784
2 0.762725 0.294052 0.008023 0.032027
1 0.707330 0.363487 0.007367 0.037603
4 0.716775 0.399274 0.017796 0.038899
1 0.620816 0.459297 0.009134 0.038773
2 0.709035 0.516711 0.009787 0.041259
1 0.848093 0.564671 0.012201 0.049778
2 0.827510 0.434764 0.010708 0.042132
1 0.879121 0.401527 0.009831 0.043068
2 0.928670 0.397314 0.010621 0.044628
1 0.836237 0.293834 0.008504 0.033261