4 0.701071 0.707531 0.011193 0.052898
2 0.597266 0.404430 0.007028 0.035231
1 0.115814 0.706221 0.011869 0.051929
1 0.023064 0.478320 0.016259 0.040787
1 0.017956 0.463171 0.007257 0.040782
4 0.066756 0.454520 0.008627 0.041076
1 0.132139 0.375970 0.011155 0.033501
1 0.181645 0.386830 0.009649 0.033510
1 0.218725 0.371951 0.008310 0.032734
1 0.231335 0.367429 0.008463 0.031534
1 0.310607 0.394473 0.008820 0.033972
1 0.373176 0.419440 0.009123 0.037073
1 0.409188 0.471836 0.011384 0.040290
1 0.419916 0.457288 0.010795 0.035274
1 0.261433 0.533370 0.015181 0.044145
1 0.522065 0.526244 0.009689 0.039320
2 0.515239 0.522677 0.008172 0.037929