4 0.026982 0.131890 0.005763 0.036912
2 0.055282 0.340200 0.011891 0.048713
1 0.097883 0.278068 0.013752 0.047242
2 0.111997 0.327792 0.008686 0.049632
1 0.152476 0.416961 0.014693 0.049849
2 0.174292 0.431716 0.010543 0.050248
1 0.235099 0.263352 0.007266 0.038958
2 0.274473 0.204915 0.012890 0.039583
1 0.350000 0.266477 0.013242 0.038125
4 0.376132 0.282149 0.015820 0.042386
1 0.431716 0.314006 0.009133 0.040864
2 0.438947 0.307917 0.008068 0.046005
1 0.464634 0.317591 0.008905 0.040458
2 0.470267 0.312855 0.008144 0.039105
1 0.480063 0.236938 0.006954 0.034614
2 0.475610 0.249987 0.007824 0.034339
1 0.479896 0.280799 0.011877 0.039769
2 0.511593 0.402001 0.011202 0.042395
1 0.536034 0.418974 0.010014 0.045262
2 0.535496 0.356927 0.010752 0.040836
1 0.541640 0.309077 0.009216 0.042202
2 0.545550 0.282515 0.007401 0.037982
1 0.680924 0.311795 0.008438 0.037011
4 0.911798 0.635323 0.010167 0.050672