2 0.539629 0.503585 0.004915 0.038672
1 0.382055 0.586402 0.010611 0.040522
2 0.277722 0.488640 0.008542 0.037217
1 0.326569 0.438696 0.005895 0.032298
2 0.257208 0.427360 0.012753 0.029303
1 0.223340 0.433349 0.009505 0.029303
2 0.204352 0.521580 0.008739 0.041428
1 0.150021 0.500416 0.010005 0.035123
2 0.119879 0.499065 0.008485 0.039626
1 0.095373 0.570437 0.010892 0.042328
4 0.469939 0.802510 0.012669 0.052974
4 0.049557 0.534466 0.008841 0.040167
2 0.071867 0.407128 0.012029 0.030176
1 0.012458 0.389189 0.008420 0.028037