4 0.208421 0.352501 0.014384 0.043105
1 0.634380 0.354692 0.012329 0.048950
2 0.449860 0.435788 0.010685 0.051872
1 0.432188 0.432135 0.011507 0.054795
2 0.425202 0.581907 0.012329 0.057717
1 0.415134 0.676519 0.019315 0.059909
2 0.395407 0.365286 0.013562 0.046758
1 0.358421 0.314510 0.011918 0.043105
2 0.359243 0.362729 0.012740 0.050411
1 0.306435 0.423368 0.017260 0.048950
2 0.294312 0.351405 0.015205 0.043836
1 0.176777 0.222820 0.011096 0.039452
2 0.279312 0.602729 0.022192 0.051142
1 0.260202 0.504099 0.018493 0.052603
2 0.262051 0.555606 0.017260 0.053333
1 0.065499 0.295732 0.012716 0.044633
2 0.097126 0.473684 0.016629 0.058545
1 0.072998 0.639753 0.029671 0.057965
2 0.046425 0.698008 0.025432 0.062022
0 0.053548 0.717159 0.007054 0.011184
4 0.565955 0.678291 0.016543 0.054902