1 0.500594 0.689204 0.014281 0.048824
2 0.536021 0.521615 0.009887 0.040280
1 0.551195 0.539314 0.008102 0.041012
2 0.563485 0.475721 0.011535 0.036862
1 0.619304 0.393453 0.008102 0.036862
2 0.642923 0.526498 0.008926 0.042233
4 0.687414 0.446915 0.008651 0.040280
2 0.657479 0.352685 0.011123 0.030027
1 0.720027 0.373679 0.007690 0.031980
2 0.671142 0.364646 0.007964 0.033444
1 0.704510 0.413470 0.008788 0.035397
2 0.760192 0.508799 0.013045 0.044430
1 0.948532 0.476700 0.009998 0.045155
2 0.920092 0.350843 0.008782 0.036028
1 0.363841 0.453152 0.007586 0.036714
4 0.639616 0.301552 0.005338 0.027223
1 0.565962 0.437066 0.009315 0.037718
2 0.559364 0.450550 0.006641 0.036168
1 0.697933 0.400272 0.009482 0.032531
2 0.812879 0.311244 0.006691 0.030088
1 0.783744 0.329870 0.008679 0.030749
2 0.819625 0.385116 0.008925 0.038603
1 0.812000 0.405978 0.008292 0.041601
4 0.995560 0.796017 0.008880 0.057696