1 0.747177 0.631150 0.015594 0.057003
2 0.894007 0.418868 0.008936 0.044855
1 0.968211 0.505151 0.015769 0.049839
2 0.994511 0.376534 0.010595 0.044129
1 0.983310 0.343438 0.009990 0.042515
2 0.966812 0.314646 0.013319 0.038747
1 0.935935 0.289756 0.012411 0.036864
2 0.913459 0.260561 0.008930 0.036057
1 0.858819 0.352048 0.007719 0.043053
4 0.869036 0.381916 0.010292 0.043591
1 0.734385 0.297513 0.012105 0.037798
2 0.684136 0.289721 0.011309 0.037182
1 0.652946 0.326470 0.008512 0.040641
2 0.645103 0.323876 0.010822 0.040641
1 0.673800 0.229300 0.011309 0.033507
2 0.632274 0.239136 0.008512 0.035885
1 0.532503 0.227787 0.008633 0.035236
2 0.500401 0.416831 0.013497 0.043235
1 0.458571 0.266698 0.010822 0.038695
2 0.396070 0.348628 0.015443 0.040857
1 0.393855 0.213068 0.007717 0.034723
0 0.408411 0.240759 0.004571 0.007699
4 0.524538 0.164176 0.006003 0.031424