4 0.898206 0.787744 0.018448 0.057016
1 0.847735 0.369177 0.008895 0.035877
2 0.842870 0.364828 0.007283 0.033901
1 0.839896 0.419237 0.009451 0.039337
2 0.822772 0.392601 0.008895 0.037854
1 0.800451 0.332756 0.013621 0.031232
2 0.795142 0.323267 0.008228 0.032814
1 0.609945 0.356974 0.008197 0.032017
2 0.584287 0.382680 0.007562 0.036224
4 0.531009 0.415107 0.008716 0.037661
2 0.535569 0.370366 0.007793 0.030888
4 0.468987 0.315261 0.006003 0.025757
0 0.415219 0.367903 0.003406 0.005644
1 0.425291 0.363080 0.008312 0.029862
2 0.412910 0.361387 0.008023 0.027501
1 0.414035 0.395866 0.007735 0.031401
2 0.404655 0.435272 0.010101 0.034890
1 0.378998 0.491762 0.009351 0.036634
2 0.333657 0.431988 0.007215 0.036327
1 0.433286 0.507412 0.008601 0.038379
2 0.502772 0.468942 0.012185 0.038661
1 0.485835 0.452099 0.008279 0.036070
2 0.465895 0.425214 0.009912 0.037028
1 0.564450 0.500094 0.013028 0.039335
2 0.777920 0.461239 0.011155 0.042428