1 0.465732 0.504957 0.008830 0.032742
1 0.675765 0.549137 0.007569 0.037676
2 0.760410 0.538148 0.007316 0.036330
1 0.796488 0.518413 0.006307 0.030051
2 0.792451 0.493072 0.006812 0.028705
1 0.727233 0.499575 0.007569 0.033639
2 0.700742 0.488586 0.008578 0.030499
1 0.686993 0.520880 0.006307 0.035882
2 0.693300 0.515273 0.008326 0.036330
1 0.817428 0.569544 0.012867 0.041712
2 0.823231 0.506079 0.009335 0.034088
1 0.855650 0.493072 0.011101 0.032294
2 0.887187 0.487017 0.008578 0.030051
1 0.934618 0.552501 0.011101 0.037227
2 0.955432 0.605875 0.010344 0.045301
1 0.979274 0.510788 0.009083 0.032742
4 0.707317 0.464188 0.005356 0.021362
1 0.615758 0.485216 0.006218 0.022448