4 0.392431 0.690959 0.015031 0.060600
4 0.041217 0.343529 0.007385 0.025143
4 0.097821 0.453893 0.008949 0.040052
2 0.034580 0.474966 0.010861 0.045831
1 0.045710 0.431502 0.013120 0.040596
2 0.068556 0.425942 0.009690 0.038331
1 0.109350 0.391115 0.011082 0.033646
2 0.588028 0.372285 0.006023 0.034417
1 0.382234 0.390649 0.006916 0.034153
2 0.366757 0.431470 0.008842 0.041794
1 0.345900 0.401788 0.008530 0.033658
2 0.313809 0.376129 0.010610 0.033195
1 0.299872 0.359012 0.008456 0.029790
2 0.259112 0.540432 0.015008 0.046368
1 0.189957 0.524668 0.013447 0.048772
2 0.189624 0.459856 0.012360 0.044331
1 0.215616 0.453556 0.011055 0.041049
2 0.225154 0.427647 0.008572 0.034519
1 0.221792 0.388792 0.006867 0.030562
0 0.257353 0.390019 0.002682 0.005873
1 0.248942 0.377657 0.018971 0.030477
2 0.250178 0.383771 0.016821 0.026847