2 0.386715 0.370689 0.007539 0.033198
0 0.710527 0.284321 0.003840 0.007080
1 0.955572 0.392433 0.017265 0.038899
2 0.880101 0.428597 0.016069 0.049232
1 0.848562 0.547270 0.011795 0.052575
2 0.775799 0.314096 0.010381 0.023645
1 0.828697 0.324800 0.016138 0.031149
2 0.859243 0.319369 0.008069 0.034222
1 0.754175 0.405950 0.010259 0.040985
4 0.723225 0.385047 0.012449 0.039755
1 0.668531 0.333806 0.013861 0.036962
2 0.719643 0.344971 0.008086 0.037219
1 0.623214 0.372342 0.012971 0.042794
2 0.647411 0.362032 0.008481 0.038138
1 0.629575 0.429660 0.013720 0.043016
2 0.679028 0.425336 0.010103 0.041907
4 0.719399 0.285080 0.007930 0.025285