1 0.995050 0.355637 0.009900 0.037781
2 0.898426 0.321772 0.008875 0.036816
1 0.907839 0.386320 0.011565 0.039685
2 0.925859 0.486728 0.011565 0.044466
1 0.923304 0.608174 0.012910 0.054985
2 0.743377 0.712646 0.015599 0.055463
1 0.812900 0.490314 0.012103 0.043988
2 0.786005 0.508005 0.011027 0.046857
1 0.785736 0.435568 0.009951 0.038729
2 0.725895 0.382974 0.009682 0.038729
4 0.868304 0.444175 0.010489 0.043510
4 0.662019 0.304799 0.005648 0.029644
1 0.614550 0.417638 0.012372 0.039207
0 0.628400 0.427201 0.004572 0.008606
1 0.432339 0.466100 0.009834 0.044242
2 0.599819 0.581165 0.010838 0.048167