2 0.555654 0.395072 0.006634 0.036976
4 0.186251 0.744657 0.023184 0.067498
2 0.207083 0.436736 0.011088 0.038229
1 0.207251 0.529620 0.018816 0.050773
2 0.188939 0.561278 0.013104 0.050773
1 0.168947 0.577107 0.015456 0.054954
0 0.097853 0.598980 0.005982 0.010268
1 0.108683 0.591829 0.020627 0.031903
2 0.158972 0.463008 0.015245 0.041242
1 0.142236 0.387005 0.010274 0.035350
2 0.054082 0.424712 0.010936 0.038885
1 0.074629 0.491583 0.011599 0.041831
2 0.010502 0.502188 0.017233 0.045366
4 0.032326 0.342968 0.006830 0.027466