2 0.305433 0.424674 0.007106 0.033275
1 0.523556 0.401889 0.007305 0.034874
2 0.510501 0.339717 0.008523 0.022127
1 0.525721 0.345249 0.007847 0.023089
2 0.536882 0.343084 0.009335 0.026937
1 0.548178 0.337192 0.009470 0.022848
2 0.605066 0.353667 0.007441 0.025975
1 0.596002 0.386015 0.009876 0.030545
2 0.617986 0.366654 0.007576 0.029823
4 0.509419 0.318913 0.007170 0.022367
2 0.594995 0.465227 0.008191 0.036406
1 0.707627 0.474402 0.010977 0.036698
2 0.662083 0.357901 0.009011 0.027378
1 0.649632 0.337077 0.008683 0.025339
2 0.623501 0.339989 0.006225 0.024174
1 0.717785 0.342902 0.007045 0.024756
2 0.729007 0.362853 0.007864 0.027960
1 0.850985 0.475039 0.011419 0.035338
2 0.810701 0.465452 0.009939 0.034210
1 0.804674 0.407558 0.011419 0.032707
2 0.783422 0.377483 0.006555 0.033458
0 0.544166 0.294387 0.002935 0.004827
4 0.669701 0.389793 0.007864 0.029999
1 0.681124 0.359172 0.007330 0.024413