1 0.671788 0.266574 0.008786 0.047176
4 0.528886 0.568595 0.015240 0.064707
1 0.456270 0.535923 0.014523 0.067576
2 0.430540 0.404277 0.010758 0.054826
1 0.406594 0.328454 0.012714 0.053217
2 0.410986 0.303900 0.010633 0.049724
1 0.370938 0.282223 0.009593 0.047053
2 0.331352 0.341090 0.014563 0.048902
4 0.307023 0.281298 0.010980 0.047670
2 0.325053 0.222841 0.009362 0.038834
1 0.308237 0.204143 0.007859 0.038834
2 0.304827 0.426875 0.013523 0.057738
1 0.222593 0.351672 0.010171 0.051574
2 0.224442 0.306777 0.015025 0.044793
1 0.205661 0.222430 0.008900 0.040478
2 0.254146 0.231163 0.009477 0.042327
1 0.203060 0.178973 0.010864 0.037807
2 0.152148 0.258388 0.009362 0.040889
1 0.106668 0.289517 0.010171 0.043971
2 0.109962 0.319208 0.013985 0.047053
0 0.106090 0.342015 0.004392 0.008013
2 0.037548 0.495270 0.016925 0.064190
1 0.004576 0.358532 0.009151 0.044799