2 0.368025 0.470744 0.007935 0.038290
1 0.573757 0.650129 0.014406 0.050786
2 0.610748 0.727827 0.018068 0.054259
1 0.597274 0.534716 0.010238 0.044113
2 0.632326 0.525153 0.011626 0.042879
1 0.617576 0.459446 0.014749 0.037327
2 0.579748 0.460371 0.008156 0.041029
1 0.570465 0.498624 0.009023 0.041029
2 0.630764 0.412865 0.008850 0.034859
1 0.670848 0.411785 0.014749 0.034550
2 0.711539 0.568496 0.010411 0.048124
1 0.758998 0.584074 0.011279 0.050283
2 0.721430 0.492917 0.017699 0.039486
1 0.747111 0.549678 0.012841 0.045039
4 0.772272 0.503714 0.008329 0.045039
0 0.749904 0.558635 0.004272 0.006835
2 0.809303 0.666762 0.012264 0.052161
1 0.817763 0.651306 0.012419 0.051057
2 0.909520 0.645773 0.015629 0.058280
1 0.917620 0.586476 0.012770 0.050826
2 0.995384 0.524130 0.008577 0.044727
1 0.868625 0.413668 0.014274 0.040352
4 0.662051 0.309787 0.008813 0.027518