2 0.399139 0.433662 0.011127 0.036850
4 0.646770 0.303170 0.004711 0.025123
1 0.686173 0.391249 0.008250 0.034079
1 0.677749 0.433241 0.008009 0.030705
2 0.678569 0.479556 0.007333 0.037223
2 0.683779 0.472265 0.010228 0.031905
2 0.763941 0.498128 0.008812 0.034525
1 0.795006 0.500338 0.007799 0.036635
4 0.852324 0.483624 0.008263 0.036932
1 0.888711 0.490238 0.008720 0.029884
2 0.918919 0.459192 0.008399 0.036630
1 0.889132 0.434009 0.008175 0.031653
2 0.880626 0.395214 0.010079 0.031449
1 0.916981 0.369541 0.009730 0.027862
2 0.939314 0.437750 0.009061 0.035574
1 0.966045 0.452986 0.009514 0.030070
0 0.992179 0.462879 0.003493 0.006574
1 0.989867 0.479862 0.015100 0.036159
2 0.991568 0.427067 0.009525 0.032172
1 0.795051 0.424681 0.007186 0.032094
2 0.776122 0.429199 0.007186 0.029913
1 0.735882 0.366457 0.007704 0.031828
2 0.750189 0.348782 0.005503 0.028827