4 0.721649 0.305290 0.007338 0.028701
4 0.870768 0.405752 0.008973 0.048996
1 0.953483 0.453677 0.007684 0.042420
2 0.962987 0.409820 0.008291 0.041341
1 0.958235 0.377645 0.009706 0.039184
2 0.962481 0.368927 0.006673 0.036848
1 0.916730 0.397597 0.008999 0.040263
2 0.920471 0.335764 0.011223 0.032714
1 0.917843 0.350593 0.011021 0.033253
2 0.903738 0.360839 0.009908 0.035410
1 0.778514 0.453942 0.014795 0.041745
2 0.850868 0.450973 0.010405 0.039200
1 0.850153 0.406088 0.009164 0.036315
2 0.825573 0.368500 0.007732 0.034109
1 0.827482 0.364258 0.011741 0.032751
2 0.794646 0.343555 0.010214 0.031733
1 0.772453 0.347034 0.008591 0.033600
2 0.739215 0.443433 0.012101 0.038020
1 0.738537 0.385569 0.010537 0.037278
2 0.723880 0.369897 0.010224 0.036722
1 0.696391 0.423681 0.006781 0.041173
2 0.682464 0.395955 0.006468 0.036165
1 0.471771 0.328039 0.006099 0.028192
0 0.492448 0.351135 0.003538 0.006289