2 0.919826 0.726143 0.015582 0.060129
0 0.926906 0.742687 0.005009 0.010773
2 0.932383 0.595854 0.017577 0.044504
1 0.897250 0.535068 0.015348 0.050190
4 0.852298 0.527052 0.013276 0.043518
1 0.903138 0.459315 0.010841 0.038155
2 0.990754 0.425808 0.014920 0.037912
1 0.764418 0.618286 0.013062 0.045062
2 0.759416 0.696175 0.014719 0.052922
1 0.648812 0.600312 0.011530 0.045208
2 0.673986 0.500613 0.011313 0.037426
1 0.631413 0.503920 0.008580 0.044630
2 0.636373 0.442688 0.015112 0.041679
1 0.613564 0.412903 0.007062 0.034084
2 0.585515 0.537138 0.012853 0.045324
1 0.517610 0.705876 0.015368 0.049454
2 0.537544 0.482182 0.009031 0.039244
1 0.392278 0.472179 0.011763 0.040708
2 0.527141 0.387865 0.008890 0.032483
4 0.644884 0.307651 0.006296 0.028158