2 0.692804 0.515428 0.010717 0.035507
1 0.653406 0.622383 0.010108 0.031177
2 0.642567 0.623141 0.009621 0.040920
1 0.598907 0.582221 0.009743 0.038755
2 0.572418 0.532099 0.008403 0.036373
1 0.539110 0.511422 0.007551 0.034858
2 0.515727 0.518134 0.007064 0.034425
1 0.472737 0.573344 0.009012 0.037456
2 0.539414 0.673587 0.010352 0.036590
1 0.508724 0.686253 0.011813 0.048065
2 0.537588 0.753262 0.016198 0.046982
4 0.452703 0.600082 0.007429 0.041570
1 0.389374 0.601273 0.013031 0.041353
2 0.385721 0.673912 0.010352 0.045034
1 0.364226 0.683655 0.009743 0.044168
2 0.285917 0.467363 0.006820 0.032909
4 0.161818 0.380327 0.006333 0.027280
2 0.181035 0.655836 0.009319 0.046828
1 0.245582 0.769704 0.010188 0.052350
2 0.275091 0.713930 0.009070 0.050804
1 0.720127 0.707078 0.011232 0.041494
2 0.755137 0.732973 0.016321 0.046486
4 0.751679 0.793360 0.014605 0.047916
2 0.481396 0.803420 0.008716 0.056558