4 0.886223 0.786096 0.013859 0.058729
2 0.668192 0.495174 0.010313 0.040680
1 0.565865 0.488871 0.007090 0.039534
2 0.313804 0.439942 0.009091 0.032323
1 0.413551 0.434555 0.007323 0.035915
1 0.433564 0.438146 0.008712 0.034119
1 0.426114 0.408180 0.006692 0.032996
1 0.411089 0.373500 0.007702 0.032323
1 0.435521 0.368674 0.005050 0.032548
1 0.467528 0.423893 0.007197 0.034792
1 0.509384 0.353859 0.009091 0.029405
1 0.520874 0.332984 0.008838 0.028507
1 0.446522 0.318631 0.005759 0.026665
4 0.456164 0.313929 0.006026 0.026070
1 0.542004 0.365143 0.007563 0.030706
4 0.602099 0.380041 0.006132 0.033613
1 0.612217 0.357330 0.008381 0.030343
1 0.637308 0.348154 0.006439 0.033795
1 0.615029 0.318854 0.005534 0.028653
1 0.619594 0.314981 0.006226 0.028039
1 0.648578 0.392825 0.005811 0.036893
1 0.768675 0.367055 0.009442 0.036041
1 0.771404 0.357269 0.005921 0.033917
1 0.811206 0.385171 0.006955 0.037259