1 0.435249 0.461750 0.009462 0.042058
4 0.713659 0.300567 0.007579 0.029791
1 0.784408 0.332953 0.007231 0.033252
2 0.776516 0.432462 0.009804 0.035230
1 0.808153 0.493526 0.010082 0.044130
2 0.753466 0.521710 0.009456 0.044377
1 0.914920 0.613987 0.012794 0.046478
2 0.883874 0.475788 0.010917 0.042523
1 0.906645 0.448099 0.009874 0.038814
4 0.945757 0.449767 0.009804 0.036218
1 0.911860 0.386849 0.010986 0.036466
2 0.957682 0.326093 0.008622 0.031150
1 0.676877 0.439693 0.010221 0.040792
2 0.636930 0.534071 0.011264 0.044624
0 0.660954 0.670848 0.004241 0.007664
2 0.653583 0.668747 0.013837 0.050187