2 0.643676 0.471993 0.008424 0.043233
1 0.422187 0.384962 0.011762 0.036451
0 0.287640 0.361508 0.003338 0.005369
1 0.286687 0.347521 0.009378 0.032213
2 0.351059 0.487251 0.009696 0.044363
1 0.256328 0.418305 0.008424 0.036451
2 0.271825 0.371963 0.014623 0.035886
1 0.234314 0.369985 0.011762 0.034191
2 0.197280 0.417316 0.008901 0.039560
1 0.209122 0.486121 0.010649 0.042668
2 0.148484 0.440627 0.009855 0.037016
1 0.177253 0.324916 0.009855 0.031648
2 0.147019 0.341000 0.007828 0.032472
1 0.106930 0.381379 0.010437 0.039430
2 0.075736 0.347642 0.008302 0.031839
2 0.059250 0.359555 0.010912 0.037533
4 0.037367 0.441895 0.009133 0.040695
2 0.015306 0.406260 0.010556 0.036478
1 0.004394 0.411742 0.008658 0.040274
2 0.152674 0.675213 0.025009 0.049911
4 0.302649 0.819496 0.016458 0.058516
4 0.073085 0.320379 0.008824 0.030111