1 0.008416 0.673489 0.012277 0.046610
2 0.132433 0.482423 0.013109 0.033663
1 0.155634 0.647224 0.010404 0.047350
2 0.182997 0.681997 0.013525 0.045131
1 0.162709 0.622069 0.009572 0.040692
2 0.208487 0.499069 0.012485 0.035143
4 0.210464 0.570650 0.016022 0.036992
2 0.258843 0.647594 0.011653 0.045871
1 0.270287 0.789645 0.016230 0.051050
2 0.335625 0.725833 0.008739 0.044761
4 0.452151 0.810730 0.013733 0.044391
2 0.376826 0.624289 0.009988 0.041432
1 0.311488 0.399930 0.008739 0.027744
2 0.328134 0.462817 0.009156 0.031444
1 0.326782 0.557702 0.008531 0.036992
2 0.343012 0.501474 0.007283 0.036253
1 0.354041 0.489081 0.006867 0.032923
2 0.389623 0.540501 0.009364 0.037362
1 0.623923 0.522745 0.008948 0.023305