1 0.687363 0.491027 0.008895 0.032579
0 0.635181 0.489001 0.003754 0.007867
1 0.469170 0.489370 0.005420 0.037191
2 0.446806 0.553665 0.010333 0.041153
1 0.394938 0.502022 0.010840 0.034219
2 0.414743 0.470864 0.008003 0.035480
1 0.374879 0.437186 0.008611 0.030077
2 0.284159 0.507200 0.010738 0.036831
1 0.309410 0.543400 0.006534 0.039532
2 0.260555 0.442363 0.008408 0.033589
4 0.195921 0.533224 0.008814 0.037191
2 0.171886 0.503823 0.010587 0.037281
1 0.134099 0.499590 0.007142 0.038902
2 0.133187 0.483381 0.008155 0.040523
1 0.122094 0.464831 0.010283 0.033499
2 0.121841 0.482481 0.010587 0.035840
1 0.110520 0.542634 0.008408 0.041423
2 0.131364 0.590136 0.012309 0.041873
1 0.149979 0.617421 0.012765 0.042774
2 0.182309 0.450023 0.010612 0.033472
1 0.166010 0.445932 0.007607 0.032999
4 0.135378 0.375929 0.004215 0.025869
2 0.422862 0.612809 0.012719 0.041016
1 0.360510 0.601609 0.012600 0.040910
4 0.620299 0.790544 0.015499 0.048377