4 0.619494 0.449656 0.012099 0.037931
1 0.644118 0.447493 0.009295 0.035410
2 0.707324 0.391782 0.007702 0.036354
1 0.716221 0.331822 0.006374 0.025023
2 0.755127 0.400752 0.008233 0.036354
1 0.633167 0.491375 0.008281 0.040486
2 0.617122 0.362029 0.009908 0.028919
4 0.652078 0.322320 0.005847 0.024155
2 0.594964 0.387741 0.011003 0.030112
1 0.570426 0.407430 0.007673 0.032943
2 0.555514 0.414894 0.010568 0.035002
1 0.520407 0.453499 0.010134 0.034487
2 0.513603 0.471129 0.009265 0.035774
1 0.497751 0.495193 0.008831 0.040150
2 0.476180 0.516812 0.009700 0.041179
1 0.472995 0.562623 0.012885 0.044267
2 0.626426 0.695744 0.014665 0.065678
0 0.699891 0.660398 0.007050 0.010027
2 0.395257 0.431461 0.009455 0.032419
1 0.789699 0.366290 0.008601 0.030930
2 0.843457 0.462208 0.010165 0.045526
1 0.855479 0.536927 0.021308 0.051782
2 0.956935 0.537795 0.013879 0.055604
1 0.928004 0.397220 0.011534 0.039966
4 0.992730 0.931027 0.014540 0.093267