1 0.574984 0.522461 0.009666 0.031452
4 0.493201 0.704247 0.010196 0.051456
1 0.380568 0.714974 0.015560 0.053383
2 0.439344 0.626515 0.013660 0.041588
1 0.486643 0.596083 0.009221 0.038400
2 0.413624 0.507239 0.008776 0.029501
1 0.404958 0.528938 0.011358 0.033041
2 0.373466 0.535494 0.011063 0.035401
1 0.370000 0.572337 0.010915 0.035663
2 0.347802 0.510447 0.009396 0.032936
2 0.297630 0.555989 0.011701 0.037033
1 0.263901 0.523920 0.008244 0.031833
2 0.260001 0.466480 0.008776 0.024426
1 0.178937 0.527387 0.009751 0.034354
2 0.154472 0.576712 0.014537 0.042549
1 0.170649 0.602635 0.012499 0.043967
2 0.093097 0.650254 0.017102 0.050531
1 0.007646 0.577990 0.015293 0.046891
2 0.338553 0.494309 0.007778 0.028033
1 0.339459 0.484175 0.006180 0.028223
4 0.320145 0.529672 0.008332 0.031990
4 0.067214 0.461867 0.010679 0.022056