1 0.242706 0.495702 0.013358 0.049832
2 0.270589 0.544732 0.014940 0.049525
1 0.271678 0.509456 0.012450 0.045375
2 0.374641 0.401861 0.012888 0.042597
0 0.429097 0.544172 0.006353 0.012263
2 0.446251 0.518356 0.018515 0.047760
1 0.451424 0.583542 0.013251 0.041951
2 0.483462 0.559178 0.015974 0.049373
1 0.475929 0.519809 0.012525 0.044855
4 0.468850 0.472372 0.015429 0.042919
1 0.514230 0.372012 0.016155 0.030011
2 0.506697 0.363783 0.011617 0.035497
1 0.544634 0.459625 0.014159 0.041951
2 0.555707 0.506255 0.012706 0.042919
1 0.600088 0.519970 0.019423 0.049696
2 0.632036 0.682611 0.013251 0.054859
1 0.657811 0.723594 0.012162 0.060668
2 0.632489 0.562889 0.009076 0.044533
1 0.643381 0.480762 0.008350 0.043565
2 0.643381 0.475276 0.013069 0.044210
1 0.624321 0.456398 0.010891 0.043242
2 0.632762 0.434131 0.009621 0.041951
1 0.810923 0.490120 0.011617 0.046792
4 0.736772 0.839444 0.025957 0.060668
4 0.246056 0.320552 0.009245 0.030783