1 0.292947 0.448618 0.008365 0.037569
4 0.486444 0.318886 0.008805 0.021524
1 0.493598 0.438834 0.007705 0.032873
2 0.497451 0.455466 0.007044 0.037961
1 0.500753 0.470338 0.008365 0.038743
2 0.493806 0.493644 0.009882 0.039960
1 0.517813 0.467794 0.009466 0.036787
2 0.504150 0.534002 0.009431 0.041026
1 0.496684 0.584433 0.008720 0.045568
2 0.562217 0.532758 0.010306 0.044628
1 0.614141 0.461119 0.014269 0.035702
2 0.641491 0.444207 0.010834 0.033823
4 0.624711 0.526886 0.012155 0.043219
2 0.639641 0.524772 0.011363 0.043689
1 0.656817 0.510914 0.013477 0.041340
2 0.720104 0.512793 0.011627 0.041340
1 0.631581 0.644329 0.018497 0.049796
2 0.602779 0.722780 0.013741 0.056372
1 0.576924 0.392609 0.007430 0.031531
2 0.686217 0.401131 0.008389 0.031531
1 0.745777 0.490185 0.014381 0.037496
0 0.739905 0.534285 0.005033 0.008096
1 0.829448 0.574349 0.011642 0.047073
2 0.811186 0.600726 0.015294 0.047885
4 0.987056 0.778667 0.018645 0.058525