1 0.380273 0.386616 0.008490 0.042057
2 0.560752 0.461352 0.011870 0.040885
1 0.557084 0.454391 0.009974 0.048066
2 0.605965 0.400317 0.008985 0.044842
1 0.630897 0.359719 0.008680 0.038700
2 0.700814 0.322768 0.008273 0.038579
1 0.715564 0.288046 0.007121 0.033516
2 0.698712 0.301971 0.007324 0.034601
4 0.694847 0.273479 0.006639 0.029855
2 0.678335 0.417965 0.009595 0.047334
1 0.705087 0.422258 0.008070 0.045526
2 0.782022 0.386715 0.008716 0.041919
4 0.800095 0.379929 0.009324 0.043480
2 0.801090 0.333872 0.010894 0.037846
1 0.836173 0.324259 0.007809 0.037331
2 0.885156 0.294410 0.008417 0.035017
1 0.907900 0.341532 0.009220 0.043708
2 0.917831 0.312615 0.010944 0.026385
1 0.932818 0.298539 0.007056 0.021756
2 0.944905 0.303008 0.006620 0.038396
0 0.941294 0.318394 0.003710 0.006461
2 0.971928 0.435833 0.011017 0.049539
1 0.845230 0.520671 0.013912 0.051782