0 0.565660 0.506062 0.005266 0.007435
2 0.607247 0.489403 0.010687 0.040202
1 0.570926 0.425108 0.010532 0.038825
2 0.571003 0.475222 0.013785 0.021202
1 0.531120 0.512257 0.010222 0.042955
2 0.516483 0.492294 0.007899 0.040477
1 0.555282 0.435434 0.010222 0.040752
2 0.531662 0.421115 0.010687 0.037999
1 0.522059 0.441354 0.011307 0.037723
1 0.652426 0.407003 0.010596 0.038573
2 0.563493 0.637318 0.011858 0.050683
1 0.512014 0.405531 0.007228 0.036189
2 0.453286 0.651593 0.018120 0.049214
1 0.442968 0.498806 0.015100 0.042503
2 0.485459 0.387295 0.010545 0.035761
4 0.470047 0.422624 0.012816 0.048739
2 0.368617 0.389516 0.009937 0.036531
1 0.296733 0.402092 0.008856 0.035932
2 0.301831 0.454718 0.010652 0.039808
1 0.268570 0.440032 0.010218 0.041353
2 0.290635 0.594431 0.013913 0.052561
1 0.272266 0.597522 0.013261 0.051015
2 0.156093 0.509412 0.010403 0.045823
4 0.065448 0.357488 0.008639 0.032384
4 0.812785 0.657463 0.012310 0.051717