2 0.411859 0.361004 0.007999 0.034904
1 0.756258 0.526149 0.013998 0.044599
2 0.715447 0.463775 0.011998 0.042660
1 0.702540 0.341613 0.010180 0.034904
2 0.709902 0.296044 0.008181 0.032318
1 0.738534 0.300407 0.007635 0.033288
2 0.768802 0.355186 0.009635 0.036196
1 0.769893 0.387504 0.007453 0.037489
4 0.792798 0.323676 0.008181 0.035227
1 0.863241 0.317374 0.010907 0.032964
2 0.859424 0.299599 0.007999 0.032318
2 0.781911 0.230424 0.006562 0.026874
1 0.812261 0.209592 0.007734 0.027291
2 0.895461 0.208550 0.011953 0.028957
0 0.915265 0.198342 0.003515 0.005208
2 0.934483 0.222091 0.014999 0.028541
1 0.970693 0.277193 0.009140 0.032915
4 0.699777 0.209820 0.008084 0.023541