4 0.763085 0.772012 0.012328 0.046789
1 0.653995 0.488063 0.010175 0.030613
2 0.608989 0.546766 0.013306 0.036700
2 0.591036 0.473713 0.009686 0.031134
2 0.577289 0.515110 0.011349 0.034613
2 0.546764 0.490411 0.007240 0.034265
2 0.489039 0.535547 0.016241 0.036526
1 0.455040 0.596425 0.011838 0.037222
1 0.519858 0.636256 0.012523 0.045919
2 0.539573 0.654606 0.012817 0.043658
1 0.465558 0.672000 0.014871 0.042614
2 0.415318 0.481627 0.014578 0.033048
1 0.401816 0.453102 0.008903 0.031308
2 0.368893 0.448058 0.013306 0.027134
0 0.370263 0.465973 0.003522 0.005566
4 0.335041 0.538678 0.017220 0.035483
1 0.299672 0.495368 0.010469 0.035135
2 0.324034 0.510153 0.011251 0.032004
1 0.149588 0.504674 0.012426 0.037396
2 0.135597 0.483193 0.013600 0.035135
1 0.094309 0.551723 0.015752 0.039309
2 0.117790 0.580771 0.016339 0.041049
1 0.095874 0.611557 0.014774 0.046267
2 0.244139 0.677310 0.018583 0.045452
4 0.114195 0.375457 0.007875 0.029916