0 0.867074 0.513853 0.005041 0.008603
4 0.973418 0.562953 0.012237 0.051501
4 0.414303 0.432773 0.010267 0.041235
4 0.184835 0.327106 0.007197 0.028332
2 0.296670 0.481065 0.011685 0.042218
1 0.315706 0.528644 0.015078 0.048920
2 0.384311 0.441192 0.012062 0.041548
1 0.395054 0.412711 0.010932 0.039538
2 0.433692 0.494133 0.014324 0.045569
2 0.528006 0.410847 0.007660 0.036664
1 0.548041 0.392515 0.008249 0.037712
2 0.542443 0.366326 0.008839 0.032474
1 0.556585 0.367636 0.006482 0.030903
2 0.576178 0.376016 0.009133 0.035093
1 0.587521 0.412942 0.011785 0.037712
2 0.596949 0.376016 0.007071 0.032998
1 0.593119 0.367374 0.010017 0.034569
2 0.607850 0.372611 0.011196 0.035617
1 0.616099 0.378111 0.010017 0.035093
2 0.643205 0.460082 0.012963 0.041902
1 0.639964 0.366064 0.008839 0.034045
2 0.653664 0.385182 0.012669 0.037712
1 0.672520 0.372350 0.009133 0.028808
2 0.696679 0.394610 0.009133 0.036664
1 0.461421 0.420840 0.007557 0.034462