4 0.026302 0.279310 0.011506 0.043766
2 0.039080 0.256475 0.012175 0.046145
1 0.053998 0.333423 0.013915 0.047334
2 0.111664 0.394077 0.012844 0.051140
1 0.122234 0.404305 0.014450 0.050189
2 0.186390 0.312610 0.011908 0.045669
1 0.208132 0.349360 0.014182 0.050189
2 0.230676 0.351738 0.012175 0.047334
1 0.227934 0.440341 0.016323 0.055184
2 0.199502 0.523473 0.023950 0.056849
1 0.140163 0.513245 0.012577 0.057324
2 0.006659 0.656226 0.013319 0.061789
4 0.330597 0.702368 0.011756 0.060054
2 0.639257 0.340478 0.010203 0.046529
0 0.048150 0.351859 0.004134 0.007857