2 0.311381 0.479911 0.011228 0.037376
4 0.530460 0.320493 0.005857 0.020366
2 0.890689 0.457217 0.009798 0.027038
1 0.867364 0.488674 0.011407 0.035357
4 0.830805 0.522472 0.011553 0.036657
1 0.812342 0.548079 0.012357 0.039777
2 0.746243 0.542035 0.011041 0.040167
1 0.644493 0.461137 0.010611 0.034308
2 0.585198 0.444915 0.008046 0.030473
1 0.575870 0.518300 0.010728 0.041253
2 0.603152 0.591794 0.011895 0.045764
1 0.706015 0.666507 0.015159 0.047834
2 0.781240 0.648205 0.013516 0.045813
1 0.812378 0.650001 0.016422 0.047609
2 0.914316 0.747944 0.015256 0.051469
2 0.842566 0.792741 0.020825 0.051945