1 0.325151 0.429364 0.007551 0.034425
2 0.568111 0.416500 0.006333 0.031484
1 0.574712 0.333688 0.007513 0.026141
2 0.587699 0.398182 0.006440 0.028812
1 0.584157 0.440542 0.006225 0.030721
2 0.625319 0.390263 0.005474 0.028622
1 0.588290 0.305830 0.006118 0.024996
4 0.566716 0.298770 0.005689 0.023851
1 0.576867 0.536257 0.007961 0.033966
2 0.543397 0.677049 0.013769 0.043485
1 0.654045 0.453036 0.008018 0.027464
2 0.665374 0.440416 0.008460 0.031780
4 0.683802 0.457679 0.008239 0.033611
2 0.682341 0.373538 0.006806 0.028768
1 0.699847 0.372597 0.008242 0.025542
2 0.696066 0.351693 0.005218 0.023525
1 0.751003 0.441773 0.006905 0.029117
2 0.742416 0.353085 0.006197 0.024552
1 0.738122 0.337110 0.008233 0.024395
2 0.761007 0.337268 0.007614 0.026284
0 0.836143 0.404316 0.003196 0.005682
2 0.882830 0.366474 0.006299 0.028503
1 0.942576 0.505362 0.009608 0.036244
2 0.761016 0.637743 0.010566 0.042806