1 0.687557 0.276525 0.012128 0.039869
2 0.526913 0.332463 0.013044 0.049225
1 0.504144 0.365009 0.012815 0.052480
2 0.542474 0.385553 0.015332 0.050446
1 0.474166 0.337548 0.012357 0.047191
1 0.481963 0.287094 0.012082 0.043707
2 0.455411 0.264117 0.012925 0.044706
1 0.434198 0.238767 0.011239 0.039461
2 0.393949 0.245011 0.009694 0.042458
1 0.396196 0.190565 0.009132 0.038462
2 0.333118 0.223157 0.009975 0.040210
1 0.312115 0.265366 0.009272 0.043707
2 0.252760 0.268238 0.011098 0.042458
1 0.285142 0.372010 0.018263 0.049201
2 0.230423 0.407975 0.016437 0.053697
0 0.285394 0.451274 0.008645 0.012734
2 0.097620 0.287141 0.010181 0.046184
1 0.160986 0.284333 0.011585 0.047432
2 0.123072 0.231752 0.011234 0.043375
4 0.045488 0.168094 0.009479 0.035262
4 0.390001 0.274682 0.010122 0.043907
1 0.464802 0.427457 0.021661 0.046426
2 0.542599 0.528661 0.015364 0.070604
4 0.683765 0.549512 0.014780 0.067953
1 0.486298 0.286772 0.011693 0.042708