1 0.317993 0.292997 0.008344 0.041214
2 0.412327 0.465065 0.012068 0.050059
1 0.433110 0.381535 0.013632 0.039133
2 0.457357 0.346970 0.010280 0.041120
1 0.455257 0.298049 0.008000 0.040055
2 0.462801 0.307420 0.012065 0.044101
1 0.483839 0.296788 0.010423 0.021938
2 0.478545 0.275442 0.011006 0.036169
1 0.483820 0.238884 0.010052 0.034703
2 0.502990 0.284185 0.007715 0.037196
4 0.565920 0.169339 0.006317 0.037120
2 0.576888 0.357727 0.009235 0.042217
4 0.581708 0.341580 0.007510 0.041315
2 0.586437 0.310341 0.009686 0.039503
2 0.673527 0.475541 0.010842 0.051035
1 0.729463 0.497664 0.009857 0.050159
2 0.764947 0.563046 0.009857 0.051692
1 0.708333 0.334373 0.009733 0.033731
2 0.912787 0.434768 0.013435 0.042992
1 0.915902 0.377338 0.015023 0.044946
2 0.919260 0.474937 0.016610 0.047334
1 0.968481 0.444213 0.013435 0.046683