1 0.392668 0.433939 0.007744 0.036347
4 0.642260 0.304911 0.007987 0.027047
1 0.695793 0.475813 0.010840 0.034823
2 0.704003 0.524182 0.013616 0.040183
1 0.718013 0.561428 0.014115 0.041821
2 0.789818 0.579749 0.013442 0.038635
1 0.800925 0.502480 0.010565 0.037041
2 0.789628 0.478486 0.014095 0.035427
1 0.775775 0.449756 0.012637 0.035859
2 0.729844 0.416056 0.010207 0.033267
1 0.853300 0.400287 0.013123 0.031107
2 0.910653 0.368316 0.013123 0.029379
1 0.892062 0.440899 0.016283 0.031971
2 0.937507 0.472222 0.013366 0.034995
4 0.960595 0.449323 0.011908 0.034131
2 0.943218 0.539620 0.016040 0.039316
1 0.971409 0.604643 0.017498 0.035427