2 0.383194 0.448025 0.008207 0.040121
1 0.388909 0.421191 0.008500 0.038558
2 0.437709 0.380028 0.008207 0.038558
4 0.472880 0.255236 0.007620 0.033868
2 0.480794 0.370910 0.011137 0.035953
1 0.503069 0.340428 0.012310 0.037516
2 0.536335 0.334436 0.011431 0.032826
1 0.527835 0.374818 0.013775 0.037516
2 0.479621 0.405820 0.011137 0.040121
1 0.514939 0.422754 0.013775 0.039600
1 0.600668 0.349547 0.011724 0.033868
2 0.628952 0.403475 0.009086 0.035432
1 0.650934 0.452975 0.009672 0.040642
2 0.601108 0.498828 0.010844 0.043768
1 0.600815 0.543118 0.016120 0.043768
2 0.520654 0.586104 0.016999 0.044289
4 0.916768 0.871381 0.013775 0.058358
2 0.919113 0.563439 0.012603 0.047937
1 0.887312 0.449849 0.012896 0.042726
1 0.871632 0.367523 0.010258 0.036474
1 0.803635 0.416502 0.010844 0.041684
2 0.768024 0.345899 0.008793 0.033868
4 0.527790 0.436823 0.014451 0.039600
1 0.304243 0.360095 0.008892 0.040425