4 0.814480 0.792081 0.012912 0.047838
1 0.708744 0.783015 0.012586 0.048224
2 0.680074 0.732812 0.010491 0.043395
1 0.713681 0.679531 0.010282 0.041530
2 0.726865 0.680091 0.012450 0.042649
1 0.689132 0.622769 0.009862 0.039168
2 0.696441 0.517700 0.009232 0.034940
1 0.640241 0.617369 0.013994 0.041205
2 0.635075 0.562461 0.011206 0.036929
1 0.627969 0.635542 0.010441 0.040039
2 0.599652 0.524852 0.008801 0.032070
1 0.588883 0.533695 0.006177 0.035763
2 0.571473 0.498078 0.009730 0.031973
1 0.564560 0.684314 0.011229 0.040044
2 0.543995 0.679235 0.008904 0.041462
4 0.516952 0.594540 0.008505 0.040989
2 0.536965 0.495228 0.007577 0.032143
1 0.483269 0.521555 0.008208 0.034796
2 0.391653 0.595232 0.008205 0.041544
1 0.361801 0.645241 0.008571 0.043367
2 0.355354 0.674804 0.006813 0.045712
1 0.359362 0.484452 0.006750 0.034882
2 0.191710 0.595198 0.008498 0.042964
4 0.162029 0.379877 0.007461 0.027116