4 0.983842 0.639056 0.011562 0.063589
2 0.619202 0.437476 0.015656 0.039457
1 0.688279 0.471274 0.011011 0.044045
2 0.647160 0.532294 0.014108 0.056585
4 0.475865 0.471606 0.009976 0.040501
4 0.444455 0.345788 0.006740 0.022767
1 0.250943 0.530201 0.016311 0.047451
2 0.303921 0.490299 0.011998 0.039543
1 0.294754 0.464536 0.008762 0.038824
2 0.305067 0.469449 0.007549 0.038105
1 0.313121 0.420697 0.009083 0.033123
2 0.328900 0.451440 0.007569 0.037471
1 0.336993 0.451233 0.007220 0.037885
2 0.344795 0.453407 0.007919 0.036436
1 0.351491 0.437466 0.007802 0.035608
2 0.390618 0.421629 0.006638 0.032088
1 0.417110 0.437673 0.010015 0.033952
2 0.404766 0.479285 0.007919 0.040576
1 0.389803 0.494397 0.009665 0.041818
2 0.432249 0.440261 0.009083 0.035401
1 0.458566 0.407552 0.009083 0.030432
2 0.498345 0.501458 0.009018 0.044597
1 0.491140 0.493166 0.008915 0.044597
1 0.145337 0.636489 0.015087 0.057087