1 0.443647 0.376297 0.008136 0.034351
2 0.617900 0.520585 0.011969 0.050066
1 0.885534 0.534802 0.016142 0.052446
2 0.970140 0.461081 0.012802 0.046707
1 0.858816 0.389734 0.008572 0.037801
2 0.939470 0.355100 0.008461 0.037801
1 0.917484 0.311066 0.008349 0.031270
2 0.837595 0.311315 0.009304 0.031013
1 0.788874 0.352519 0.008556 0.034853
2 0.820981 0.412921 0.009636 0.041647
1 0.613180 0.406407 0.009963 0.033554
0 0.614619 0.427238 0.005824 0.007609
4 0.737547 0.284726 0.005683 0.026943
2 0.748703 0.331503 0.009893 0.033929