2 0.328726 0.467032 0.010722 0.038595
1 0.498708 0.512953 0.014709 0.038127
2 0.509403 0.482256 0.011798 0.037561
1 0.533263 0.462995 0.013729 0.038328
2 0.548547 0.429861 0.010843 0.036448
1 0.562752 0.408943 0.009233 0.033670
4 0.596787 0.311295 0.007098 0.027235
1 0.421735 0.642202 0.011477 0.044368
2 0.417113 0.610364 0.014712 0.048065
1 0.431913 0.705755 0.014938 0.050624
2 0.464824 0.677746 0.018206 0.046889
4 0.574259 0.556397 0.012632 0.045463
2 0.614352 0.599396 0.010245 0.045463
1 0.641662 0.500173 0.013153 0.039067
2 0.610005 0.682152 0.012752 0.053694
1 0.619449 0.685651 0.019176 0.055559
2 0.680121 0.431635 0.007281 0.035132
1 0.678052 0.338714 0.007091 0.032042
0 0.672980 0.694556 0.005823 0.011071
1 0.776060 0.457536 0.011015 0.042861
2 0.808603 0.623381 0.012767 0.054472
1 0.850279 0.525448 0.013612 0.045847
2 0.955166 0.554812 0.011589 0.051748
1 0.931464 0.435398 0.008614 0.042115
4 0.985900 0.797434 0.014937 0.059978