0 0.835519 0.325126 0.001912 0.004371
2 0.806321 0.336722 0.012636 0.023677
1 0.817590 0.357060 0.010587 0.026956
2 0.850204 0.330287 0.009016 0.025863
1 0.837637 0.339150 0.007513 0.027077
2 0.848906 0.350686 0.012704 0.025134
1 0.836544 0.317659 0.006557 0.025134
4 0.871479 0.392941 0.007445 0.030963
1 0.762297 0.394866 0.008095 0.030239
2 0.775395 0.406590 0.008823 0.028784
1 0.793177 0.414675 0.008004 0.031048
2 0.727368 0.337946 0.009187 0.029269
1 0.668699 0.399394 0.008641 0.031209
4 0.650033 0.305881 0.004481 0.024274
1 0.688288 0.518091 0.010681 0.037793
2 0.880787 0.478025 0.007265 0.032115
1 0.887070 0.521311 0.008443 0.038399
2 0.927520 0.432034 0.010014 0.033686
1 0.937043 0.347994 0.007658 0.023388
2 0.461383 0.432033 0.007518 0.036530