2 0.296492 0.456437 0.009499 0.037239
0 0.465409 0.433704 0.003410 0.006062
2 0.458285 0.423744 0.009378 0.033342
4 0.488183 0.295247 0.005846 0.025331
2 0.527206 0.337375 0.005744 0.030439
1 0.625739 0.374295 0.006407 0.029653
2 0.721235 0.314399 0.006517 0.024547
1 0.704057 0.392656 0.005965 0.031421
2 0.754815 0.431048 0.007180 0.035937
1 0.827390 0.362414 0.006517 0.029850
2 0.847328 0.422211 0.005965 0.031224
4 0.793919 0.460309 0.006517 0.034759
2 0.864782 0.446857 0.007953 0.034170
1 0.917914 0.532871 0.007070 0.037705
2 0.914269 0.522168 0.009279 0.038687
1 0.900461 0.634399 0.010384 0.042025
2 0.801376 0.699597 0.013918 0.045167
1 0.767463 0.564586 0.008395 0.039865
2 0.776853 0.535817 0.007953 0.042025
1 0.682904 0.465022 0.008285 0.034366
2 0.669703 0.490355 0.008395 0.034366
1 0.599725 0.462076 0.007843 0.038687
2 0.499003 0.580136 0.011395 0.040723
1 0.599096 0.579512 0.008915 0.041207