1 0.625105 0.343564 0.008730 0.045785
2 0.447338 0.483440 0.012004 0.048501
1 0.415473 0.383723 0.011567 0.045397
2 0.380444 0.363158 0.013095 0.043845
1 0.365549 0.339186 0.010747 0.044578
2 0.313231 0.398847 0.012443 0.047930
1 0.341511 0.280028 0.010181 0.039550
2 0.264117 0.263102 0.011501 0.039886
1 0.267699 0.357286 0.019796 0.044578
2 0.225467 0.343041 0.012632 0.042902
1 0.237157 0.418790 0.019042 0.046924
2 0.225279 0.405551 0.017911 0.047259
1 0.182671 0.298041 0.011075 0.039377
0 0.160766 0.256927 0.005700 0.008107
4 0.147886 0.293077 0.014141 0.034082
2 0.134519 0.395044 0.016283 0.042832
1 0.101537 0.489864 0.019108 0.041650
2 0.145402 0.500203 0.025090 0.048149
1 0.055316 0.371245 0.017181 0.039118
2 0.058481 0.375934 0.013262 0.044208
1 0.004599 0.253356 0.009199 0.042333
4 0.565400 0.670930 0.011441 0.056664