4 0.669708 0.676913 0.010527 0.050446
1 0.612156 0.613449 0.012586 0.035800
0 0.597968 0.629315 0.004806 0.009764
1 0.613401 0.525782 0.007867 0.032218
2 0.500942 0.550133 0.011098 0.035465
1 0.476497 0.567491 0.009132 0.034216
2 0.436880 0.617566 0.011098 0.043457
1 0.404428 0.565743 0.008851 0.038712
2 0.361790 0.563370 0.009272 0.035964
4 0.312620 0.543390 0.009272 0.035964
2 0.307001 0.626558 0.008148 0.045455
1 0.260078 0.570738 0.007867 0.040710
2 0.261659 0.532872 0.007848 0.032812
1 0.182010 0.543298 0.007762 0.037718
2 0.180630 0.502820 0.008970 0.031279
1 0.199216 0.479897 0.007331 0.027446
1 0.141517 0.584006 0.010263 0.043085
2 0.167003 0.602789 0.010522 0.041092
1 0.113099 0.587610 0.014834 0.042318
2 0.108658 0.622491 0.012333 0.046765
1 0.181622 0.663660 0.014058 0.051518
2 0.125734 0.726677 0.016473 0.055811
1 0.385499 0.513755 0.009985 0.033364
2 0.422793 0.501457 0.006376 0.030156
4 0.163540 0.459045 0.006009 0.022846