2 0.786556 0.410689 0.007538 0.040883
1 0.407729 0.352673 0.007729 0.034098
2 0.415411 0.396524 0.007252 0.035964
1 0.425048 0.448349 0.009161 0.038508
2 0.400048 0.511540 0.008970 0.042410
4 0.429290 0.718738 0.013366 0.035960
2 0.297007 0.473175 0.010267 0.040339
1 0.332493 0.413593 0.007886 0.035974
2 0.262710 0.334303 0.008332 0.032139
4 0.231278 0.365384 0.007960 0.032932
2 0.242363 0.368691 0.007514 0.032668
1 0.248240 0.371137 0.008258 0.033329
2 0.223839 0.423446 0.006919 0.036900
1 0.212642 0.489517 0.011903 0.030140
0 0.228009 0.435484 0.003474 0.006335
1 0.187233 0.578441 0.008710 0.044613
2 0.143770 0.639841 0.009227 0.045379
1 0.124202 0.519648 0.009068 0.036487
2 0.088281 0.421057 0.007818 0.034084
1 0.038938 0.377768 0.010386 0.037724
2 0.152674 0.349368 0.008529 0.033245
1 0.174870 0.330617 0.008807 0.030791
4 0.064771 0.272428 0.006099 0.026789