4 0.399722 0.589693 0.024051 0.060373
2 0.211720 0.472647 0.015369 0.060715
1 0.259789 0.358198 0.012466 0.048572
2 0.287965 0.345144 0.012124 0.049179
1 0.263888 0.277143 0.011441 0.048572
2 0.182007 0.304010 0.008538 0.044626
4 0.160396 0.238113 0.011772 0.044875
2 0.108212 0.364540 0.012500 0.053505
1 0.036939 0.281013 0.011771 0.048062
2 0.038150 0.186206 0.012194 0.036229
1 0.097983 0.181238 0.008716 0.032181
0 0.108686 0.186870 0.003494 0.005506
1 0.139924 0.173484 0.008479 0.030331
2 0.180516 0.246934 0.009874 0.041945
1 0.238174 0.182797 0.009545 0.036616
2 0.608961 0.251431 0.008421 0.045807
1 0.102699 0.170286 0.007774 0.039091