2 0.258633 0.451707 0.010023 0.034476
1 0.422322 0.432114 0.010530 0.032869
2 0.422339 0.447081 0.007924 0.031108
1 0.424267 0.484032 0.013984 0.037190
2 0.417048 0.499898 0.010460 0.038605
1 0.390614 0.590953 0.011255 0.045275
2 0.341556 0.664423 0.013188 0.051136
1 0.428815 0.687161 0.013529 0.049721
2 0.508009 0.690835 0.013288 0.050398
1 0.573565 0.709931 0.016389 0.046066
2 0.605108 0.779636 0.020358 0.050908
1 0.517299 0.609213 0.011186 0.044943
2 0.496884 0.600960 0.011521 0.044744
1 0.526639 0.546969 0.012640 0.040170
4 0.577703 0.557906 0.008278 0.040965
1 0.489738 0.412176 0.006320 0.029272
2 0.549323 0.405523 0.007900 0.030751
4 0.992283 0.781913 0.015434 0.053052
2 0.835026 0.720257 0.013722 0.050109
1 0.631823 0.602512 0.015391 0.040549
2 0.628486 0.553062 0.011312 0.041208
1 0.749111 0.535755 0.011497 0.040219
2 0.778317 0.530316 0.015020 0.039889
0 0.830717 0.726290 0.006661 0.013681