1 0.023539 0.533844 0.012020 0.058087
2 0.048375 0.192883 0.015522 0.037508
1 0.078667 0.212575 0.012810 0.042063
2 0.101122 0.217666 0.010700 0.040455
1 0.110314 0.161403 0.007987 0.035633
2 0.117322 0.155643 0.008138 0.036437
4 0.171726 0.246065 0.010851 0.042063
2 0.195763 0.291745 0.009494 0.043938
1 0.222814 0.190338 0.012960 0.035633
2 0.257853 0.203332 0.008590 0.037508
1 0.313911 0.194560 0.007514 0.033545
2 0.366761 0.244284 0.011355 0.039186
1 0.371186 0.191591 0.010854 0.034139
2 0.303307 0.247104 0.007347 0.039482
1 0.298882 0.242503 0.008850 0.042748
2 0.369182 0.397152 0.009233 0.044837
2 0.652577 0.327095 0.009458 0.041634
1 0.262793 0.151666 0.007530 0.038764
4 0.657273 0.662570 0.010206 0.052843