2 0.308074 0.465810 0.007973 0.038523
1 0.311694 0.575891 0.013134 0.043282
2 0.325549 0.560229 0.008489 0.041574
1 0.353819 0.530188 0.008970 0.039580
2 0.403073 0.606786 0.011693 0.044136
1 0.390179 0.541863 0.008329 0.041858
2 0.399629 0.527768 0.008649 0.039865
1 0.391380 0.508262 0.010411 0.041289
2 0.395384 0.489896 0.009130 0.040435
1 0.423334 0.465265 0.010892 0.036163
2 0.451445 0.528337 0.015857 0.038726
4 0.456730 0.543856 0.010091 0.043567
2 0.432865 0.456010 0.010091 0.034740
1 0.484200 0.492174 0.010571 0.035879
2 0.491328 0.486906 0.008169 0.037872
1 0.553955 0.481923 0.010091 0.044421
2 0.544105 0.590840 0.012173 0.050401
0 0.491228 0.508940 0.003394 0.005206
2 0.486789 0.407764 0.009703 0.033503
4 0.522164 0.315326 0.008354 0.028525
2 0.725971 0.509520 0.016896 0.043849
1 0.743644 0.526611 0.013401 0.045575
2 0.818125 0.444437 0.009711 0.041432
4 0.855125 0.783549 0.014813 0.062908