2 0.596435 0.210170 0.009979 0.035037
1 0.409829 0.311733 0.011476 0.048342
2 0.363552 0.290222 0.008732 0.041690
1 0.365423 0.274921 0.009979 0.043020
2 0.321017 0.235671 0.009480 0.036368
1 0.265509 0.233454 0.011226 0.037255
2 0.313159 0.317942 0.012723 0.030602
1 0.377039 0.386063 0.011377 0.048750
2 0.338021 0.486934 0.015899 0.059122
1 0.260350 0.471894 0.016920 0.058085
2 0.257068 0.379321 0.015607 0.050825
1 0.142509 0.369476 0.015279 0.051855
2 0.135366 0.241299 0.013295 0.039407
1 0.051330 0.335277 0.015093 0.049571
2 0.015963 0.282636 0.015477 0.044341
4 0.062843 0.507111 0.018937 0.063964
2 0.077164 0.503534 0.017280 0.054285
1 0.072903 0.534885 0.020594 0.063122
4 0.241934 0.734096 0.018848 0.080235
2 0.123565 0.510234 0.021111 0.063193
1 0.117791 0.491790 0.016781 0.062231
4 0.589961 0.553978 0.011500 0.064588