4 0.893359 0.733117 0.009232 0.045193
4 0.546613 0.533649 0.008906 0.036782
0 0.539351 0.514162 0.004248 0.006577
4 0.439243 0.297920 0.004054 0.025272
2 0.491769 0.417269 0.009201 0.032130
1 0.444067 0.403151 0.009529 0.026483
2 0.462633 0.474421 0.008763 0.036609
1 0.403934 0.461527 0.010757 0.034097
2 0.390977 0.523648 0.010770 0.035900
1 0.354018 0.563189 0.009108 0.038474
2 0.378510 0.585294 0.008345 0.038863
1 0.396613 0.629058 0.011022 0.042579
2 0.429928 0.615061 0.014171 0.038159
1 0.472164 0.643191 0.010524 0.039105
2 0.495787 0.576644 0.012937 0.042219
1 0.454874 0.527368 0.010626 0.039327
2 0.468942 0.533844 0.012431 0.039208
1 0.618725 0.504088 0.011653 0.034527
2 0.593053 0.566344 0.011531 0.038627
1 0.575513 0.512612 0.010682 0.034311
2 0.672141 0.365860 0.006621 0.026442
1 0.806936 0.567770 0.010107 0.039566
2 0.810343 0.478491 0.013108 0.034890
1 0.277715 0.443778 0.009398 0.035859
2 0.583414 0.655703 0.012672 0.041708