0 0.618010 0.357572 0.002059 0.004005
4 0.525086 0.530229 0.010936 0.043450
4 0.876063 0.790458 0.014985 0.056734
2 0.340252 0.457000 0.010468 0.035979
1 0.437748 0.519848 0.008254 0.041578
2 0.456408 0.477139 0.009564 0.038218
1 0.487824 0.482767 0.009761 0.040802
2 0.505755 0.435945 0.008794 0.035779
1 0.504143 0.419851 0.007345 0.034013
2 0.517187 0.397983 0.007409 0.033462
1 0.544732 0.448433 0.010035 0.036774
2 0.367859 0.701489 0.014971 0.050509
1 0.415393 0.674195 0.009288 0.051869
2 0.421130 0.653797 0.010927 0.046818
1 0.398532 0.619596 0.014260 0.046602
2 0.542494 0.616666 0.011198 0.049215
1 0.566896 0.564703 0.008703 0.046382
2 0.658986 0.541048 0.010719 0.046281
1 0.717242 0.477131 0.009858 0.041095
2 0.735981 0.499794 0.009773 0.045023
1 0.596664 0.433022 0.010420 0.037050
2 0.619340 0.346492 0.006605 0.025735
1 0.857724 0.610919 0.010202 0.051692
2 0.870519 0.419014 0.011874 0.038821
4 0.566457 0.309485 0.007175 0.027449