1 0.326037 0.471112 0.011297 0.037958
2 0.497665 0.625270 0.013636 0.048172
1 0.527383 0.534520 0.011188 0.044442
2 0.562871 0.488835 0.009091 0.035119
1 0.570913 0.466769 0.012237 0.040091
2 0.602730 0.464904 0.010839 0.036984
1 0.625718 0.569173 0.009265 0.044132
2 0.675017 0.508414 0.012412 0.041335
1 0.582975 0.671577 0.010839 0.052523
2 0.629215 0.719749 0.012062 0.052523
1 0.567417 0.710270 0.014335 0.052834
0 0.551858 0.758597 0.005245 0.010878
1 0.600995 0.441780 0.011106 0.035437
4 0.645142 0.308377 0.006792 0.027411
1 0.727451 0.698961 0.015618 0.055135
2 0.739008 0.611570 0.009967 0.046177
1 0.759924 0.602040 0.011024 0.050204
4 0.713336 0.544856 0.012081 0.045908
4 0.994449 0.804094 0.011102 0.068226
2 0.972629 0.481467 0.009615 0.045375
1 0.839243 0.573615 0.015559 0.038848
2 0.825170 0.541138 0.010489 0.047240
1 0.779106 0.428011 0.013461 0.037916
2 0.791693 0.393825 0.009265 0.037294
1 0.955584 0.629246 0.013286 0.059360