1 0.455686 0.663815 0.017641 0.055978
2 0.514203 0.495882 0.010243 0.045187
1 0.456350 0.486608 0.009864 0.046873
2 0.390529 0.627059 0.013278 0.054629
1 0.353541 0.551017 0.012899 0.048222
2 0.593302 0.572936 0.013278 0.043501
1 0.211183 0.433160 0.011191 0.044513
2 0.261639 0.451875 0.008156 0.043501
1 0.284211 0.381397 0.011571 0.036757
2 0.335995 0.384601 0.007398 0.037094
2 0.005296 0.432654 0.010592 0.050245
1 0.053081 0.565180 0.010243 0.058338
2 0.062376 0.610704 0.011381 0.061711
1 0.025293 0.596035 0.009674 0.055978
2 0.094812 0.659937 0.016692 0.059687
1 0.634368 0.590471 0.011571 0.047547
2 0.649163 0.579511 0.014226 0.050582
1 0.674297 0.608343 0.013657 0.052943
4 0.438235 0.595698 0.014226 0.053280
4 0.766644 0.774581 0.011782 0.057599
1 0.322517 0.539889 0.008981 0.046355