4 0.133746 0.757266 0.015345 0.066154
2 0.123750 0.522041 0.020409 0.046009
1 0.153470 0.510726 0.011467 0.046196
2 0.092662 0.494081 0.011888 0.040959
1 0.060260 0.453776 0.013782 0.043016
4 0.090295 0.430772 0.012204 0.039276
1 0.039745 0.396920 0.009784 0.034413
2 0.055052 0.349126 0.007364 0.027883
1 0.159336 0.435708 0.011828 0.035455
2 0.199827 0.453282 0.009583 0.042054
1 0.222619 0.416062 0.010101 0.036990
2 0.228361 0.390507 0.007079 0.034994
1 0.221583 0.379917 0.007856 0.031618
2 0.191539 0.366180 0.009928 0.030543
1 0.179884 0.352827 0.007684 0.029622
2 0.539805 0.383436 0.009447 0.034977