4 0.607467 0.536440 0.014035 0.054637
4 0.052415 0.395077 0.015727 0.051960
2 0.049004 0.471484 0.018958 0.054896
2 0.005257 0.271370 0.010513 0.039959
2 0.154028 0.274306 0.015296 0.038427
1 0.192806 0.330734 0.014578 0.043534
2 0.210113 0.308775 0.011562 0.041236
1 0.265551 0.395077 0.010700 0.049662
2 0.302319 0.395268 0.011849 0.047491
1 0.283432 0.306541 0.016588 0.046215
2 0.271871 0.256688 0.010700 0.039193
1 0.251405 0.237092 0.009982 0.035491
2 0.212196 0.226432 0.015870 0.035618
1 0.347986 0.266035 0.008443 0.039145
2 0.629354 0.217810 0.005437 0.034487
0 0.586999 0.224850 0.002484 0.004893
2 0.015576 0.326776 0.019748 0.045066
1 0.103294 0.272710 0.011633 0.042640