4 0.862965 0.780930 0.016021 0.062338
4 0.492362 0.312050 0.008766 0.028482
1 0.460621 0.320380 0.010580 0.027945
2 0.314617 0.462253 0.011789 0.037618
1 0.341369 0.522710 0.012091 0.043529
2 0.355123 0.507663 0.011185 0.042454
1 0.356333 0.470045 0.009975 0.036006
2 0.385957 0.433502 0.011185 0.037080
1 0.391096 0.457147 0.009371 0.038155
2 0.395781 0.440757 0.012091 0.039767
1 0.404547 0.424366 0.013301 0.033856
2 0.383387 0.479718 0.011487 0.036006
1 0.419662 0.433771 0.012696 0.036543
2 0.435834 0.438876 0.011789 0.037080
1 0.428579 0.490466 0.011185 0.041380
2 0.447472 0.461447 0.015114 0.040305
4 0.435834 0.519486 0.010580 0.043529
2 0.484804 0.408782 0.013603 0.037080
1 0.488130 0.492347 0.009975 0.037618
2 0.537553 0.483749 0.018137 0.032244
1 0.536949 0.449893 0.013301 0.038693
2 0.574886 0.418724 0.013603 0.034393
0 0.500216 0.486512 0.005065 0.004797
2 0.800458 0.445855 0.009774 0.042197