1 0.305321 0.453919 0.008038 0.036743
2 0.336323 0.487396 0.007578 0.037560
1 0.360206 0.497602 0.009875 0.037560
2 0.367325 0.481680 0.008497 0.033477
2 0.359239 0.454393 0.012084 0.032718
2 0.369071 0.434944 0.011326 0.033775
1 0.400492 0.490478 0.013518 0.034858
2 0.396645 0.510328 0.011476 0.039235
1 0.423017 0.431024 0.012267 0.031621
2 0.434415 0.418030 0.008076 0.031803
1 0.454757 0.419121 0.008485 0.029986
2 0.455217 0.463372 0.010631 0.036710
4 0.472084 0.467734 0.008996 0.036346
2 0.484760 0.471369 0.010631 0.033075
2 0.484116 0.362608 0.009364 0.029965
4 0.480638 0.309931 0.006421 0.026874
2 0.538094 0.340729 0.006822 0.029965
1 0.527794 0.416712 0.010301 0.031630
2 0.535954 0.419685 0.010033 0.030917
1 0.556123 0.541850 0.010401 0.042262
2 0.734342 0.504919 0.013835 0.043950
4 0.854007 0.783804 0.018996 0.057152
1 0.358337 0.470962 0.009372 0.034904
2 0.357555 0.452337 0.012723 0.034228