1 0.345368 0.454706 0.008571 0.040711
4 0.852366 0.784320 0.014667 0.061375
1 0.864541 0.404595 0.010502 0.037557
2 0.813317 0.337432 0.011918 0.033799
1 0.768531 0.317422 0.008040 0.033462
2 0.720954 0.342056 0.013904 0.032622
0 0.732636 0.356349 0.003594 0.006390
2 0.708658 0.372744 0.006337 0.037834
1 0.692058 0.340795 0.008702 0.032117
2 0.643652 0.315119 0.009190 0.029409
1 0.609210 0.394011 0.007527 0.034389
4 0.584308 0.422097 0.007965 0.038279
1 0.578531 0.373704 0.007440 0.032677
2 0.570347 0.325545 0.006302 0.031588
1 0.561420 0.344840 0.007177 0.030032
2 0.532536 0.379540 0.007527 0.035945
1 0.558531 0.411594 0.005602 0.035011
2 0.507284 0.414239 0.006915 0.036878
1 0.489997 0.432834 0.008403 0.037345
2 0.476956 0.444427 0.008578 0.038746
1 0.471004 0.468234 0.009803 0.037812
2 0.459669 0.470335 0.008140 0.037967
1 0.640543 0.463070 0.014181 0.038597
2 0.662568 0.556551 0.010542 0.044398
4 0.566177 0.308907 0.006660 0.027811