2 0.685667 0.533563 0.008491 0.038765
1 0.592627 0.647807 0.011951 0.039510
2 0.571766 0.631873 0.011951 0.041560
1 0.565947 0.705768 0.013733 0.048456
2 0.558242 0.692722 0.008596 0.047338
4 0.689042 0.789433 0.013580 0.047596
0 0.446825 0.659923 0.004850 0.009312
1 0.477782 0.632931 0.010374 0.046455
2 0.541009 0.553210 0.009717 0.037817
1 0.481919 0.505355 0.006828 0.035016
4 0.385865 0.586709 0.009060 0.041319
1 0.368532 0.545857 0.009586 0.037584
2 0.343123 0.620908 0.009980 0.040152
1 0.325987 0.627795 0.011424 0.043187
2 0.307472 0.713701 0.010899 0.050657
1 0.443624 0.697651 0.013769 0.054213
2 0.431742 0.701187 0.016930 0.046417
1 0.264272 0.558065 0.009621 0.041092
2 0.261749 0.480365 0.009269 0.034626
1 0.144417 0.498200 0.009973 0.034835
2 0.136380 0.554102 0.011029 0.042761
1 0.123239 0.599053 0.010795 0.043804
2 0.096663 0.599992 0.008331 0.045264
1 0.120012 0.662778 0.011616 0.050270
4 0.131783 0.383920 0.007123 0.027866