4 0.050919 0.175100 0.010108 0.030891
2 0.090270 0.274637 0.015900 0.045024
1 0.151370 0.210735 0.010448 0.037957
2 0.160058 0.237285 0.010789 0.040582
1 0.286715 0.146500 0.007492 0.029189
2 0.286636 0.182065 0.007651 0.033439
1 0.308633 0.239167 0.010839 0.039957
2 0.327682 0.156985 0.009086 0.029755
0 0.361405 0.148070 0.003169 0.005136
2 0.337957 0.189244 0.008838 0.030818
4 0.351308 0.186946 0.007178 0.035227
2 0.365462 0.138060 0.007784 0.026959
1 0.370213 0.145609 0.008795 0.026600
2 0.381991 0.139229 0.006672 0.027139
1 0.405547 0.162054 0.009705 0.029655
2 0.454429 0.192115 0.009397 0.032777
1 0.463945 0.187463 0.007494 0.034892
2 0.474056 0.216011 0.009397 0.034469
1 0.450385 0.261899 0.011300 0.039121
2 0.505934 0.211253 0.010111 0.037641
1 0.523360 0.227959 0.010468 0.035526
2 0.526572 0.224470 0.007613 0.040813
1 0.599053 0.197926 0.006651 0.034700
4 0.817043 0.434401 0.015143 0.053276
1 0.387055 0.290969 0.013892 0.043145