1 0.060603 0.506285 0.014283 0.036152
2 0.104784 0.543728 0.015494 0.037013
4 0.152718 0.588703 0.017915 0.040886
2 0.060482 0.709641 0.022756 0.045190
1 0.073796 0.707919 0.010652 0.052937
0 0.076338 0.705122 0.003631 0.010329
1 0.067986 0.813793 0.016462 0.050355
2 0.115920 0.640564 0.015978 0.037013
1 0.143397 0.741489 0.013799 0.048633
2 0.158165 0.738046 0.012831 0.050355
1 0.207067 0.685109 0.020093 0.032279
2 0.210335 0.660577 0.010168 0.042608
1 0.268921 0.508437 0.014041 0.034431
2 0.310561 0.599893 0.010652 0.042608
1 0.343969 0.605703 0.015978 0.043899
4 0.388393 0.817236 0.017673 0.051216
1 0.605911 0.511880 0.010168 0.038734