1 0.603722 0.669582 0.012943 0.051513
0 0.615312 0.644856 0.006375 0.009616
1 0.612490 0.489980 0.013319 0.041976
2 0.643745 0.434012 0.009535 0.040362
4 0.549071 0.454193 0.011503 0.039286
2 0.492010 0.589405 0.012109 0.046551
1 0.502756 0.522270 0.009081 0.040900
2 0.509870 0.475988 0.009384 0.043053
1 0.458030 0.487424 0.013471 0.041707
2 0.488090 0.381520 0.008841 0.033649
1 0.503406 0.381963 0.008343 0.032320
2 0.520154 0.378089 0.008966 0.032099
1 0.521773 0.343887 0.007720 0.033206
2 0.511686 0.341009 0.007471 0.030549
1 0.501912 0.352188 0.009837 0.032984
2 0.490144 0.360490 0.010460 0.033206
1 0.341070 0.386254 0.010542 0.033465
4 0.552601 0.225651 0.006079 0.022104
1 0.650134 0.342946 0.008860 0.036901
2 0.722024 0.459275 0.009872 0.041402
1 0.761386 0.352171 0.011897 0.036451
2 0.848024 0.384948 0.011451 0.028715
1 0.933668 0.408306 0.010366 0.045002
1 0.840071 0.379291 0.008709 0.028840