2 0.407278 0.512709 0.011113 0.043998
1 0.443770 0.680363 0.012690 0.053106
0 0.503910 0.719888 0.007030 0.012713
1 0.591785 0.614518 0.010181 0.049776
4 0.681116 0.305949 0.009454 0.029090
1 0.797778 0.425218 0.010545 0.039218
2 0.776931 0.479950 0.013697 0.043958
1 0.796445 0.514642 0.011515 0.043958
2 0.757113 0.557738 0.014787 0.046975
1 0.829353 0.589091 0.013818 0.047190
2 0.835595 0.548796 0.007879 0.046328
1 0.807717 0.680455 0.017090 0.055810
2 0.855837 0.666556 0.014666 0.056887
1 0.914623 0.578532 0.010303 0.054517
4 0.943652 0.529618 0.014545 0.048914
1 0.978439 0.521430 0.012363 0.047190
2 0.910805 0.471654 0.014060 0.042450
1 0.895411 0.441702 0.011394 0.040726