2 0.004148 0.400269 0.008295 0.033148
1 0.010407 0.386615 0.009082 0.030665
2 0.078893 0.330243 0.013322 0.032494
4 0.086037 0.272635 0.008431 0.027345
2 0.096978 0.294088 0.007144 0.027460
1 0.120307 0.278241 0.008238 0.027803
2 0.142447 0.327840 0.010812 0.027460
1 0.140387 0.348149 0.007723 0.024142
2 0.087227 0.428296 0.008881 0.039359
1 0.074484 0.440482 0.008495 0.031693
4 0.105891 0.420230 0.008495 0.034897
1 0.219752 0.363067 0.007145 0.031166
2 0.249389 0.349307 0.007674 0.031872
1 0.241848 0.422342 0.008997 0.037282
2 0.280317 0.307732 0.007211 0.023992
1 0.307540 0.287915 0.007939 0.029285
0 0.370780 0.341363 0.004003 0.006983
1 0.414365 0.345056 0.009744 0.032632
2 0.416693 0.440910 0.009137 0.038310
1 0.611507 0.392337 0.007355 0.038971
4 0.394181 0.711271 0.012870 0.047269
1 0.186425 0.644082 0.011525 0.047396