2 0.655114 0.421959 0.011939 0.035952
4 0.612532 0.691404 0.011068 0.061169
2 0.374324 0.669374 0.017324 0.065019
1 0.442178 0.585962 0.011068 0.058175
2 0.449276 0.567354 0.011309 0.054325
1 0.445185 0.485439 0.014196 0.048764
2 0.331495 0.520515 0.010587 0.048764
1 0.392611 0.424697 0.012031 0.038498
2 0.269898 0.653547 0.012993 0.064164
1 0.238859 0.684774 0.020212 0.064164
2 0.172570 0.626385 0.016602 0.072291
4 0.186285 0.552169 0.015159 0.053898
2 0.219008 0.504474 0.012753 0.050048
1 0.155005 0.512815 0.017084 0.049620
2 0.218768 0.424269 0.012753 0.043631
1 0.226828 0.387268 0.009625 0.038926
2 0.098581 0.737388 0.027430 0.069297
1 0.098581 0.711081 0.018768 0.068014
2 0.058158 0.680068 0.021174 0.062453
4 0.034165 0.322485 0.012675 0.024143