2 0.377560 0.382073 0.009758 0.030936
1 0.554764 0.445297 0.008557 0.040298
2 0.574729 0.408334 0.008857 0.040565
4 0.602726 0.408601 0.011409 0.040565
2 0.616537 0.440760 0.012910 0.039231
1 0.610307 0.376843 0.006455 0.036295
2 0.605353 0.370971 0.007956 0.037896
1 0.633275 0.340681 0.005855 0.031758
2 0.657444 0.408067 0.008557 0.042166
1 0.691071 0.370705 0.007356 0.038964
2 0.732878 0.465179 0.017113 0.046436
1 0.647987 0.543107 0.012760 0.053375
2 0.866326 0.437736 0.015379 0.048031
1 0.913295 0.379729 0.011638 0.042858
2 0.920673 0.373079 0.013093 0.040642
1 0.864871 0.353312 0.009144 0.035839
2 0.837750 0.353866 0.007274 0.036208
1 0.819877 0.329666 0.007690 0.033622
2 0.807096 0.371785 0.007897 0.037316
1 0.787560 0.365135 0.009560 0.035100
2 0.770934 0.332806 0.009144 0.032513
4 0.681567 0.285357 0.006004 0.024773