4 0.471823 0.802466 0.014575 0.050861
4 0.050813 0.514348 0.009150 0.039762
4 0.006672 0.379976 0.009290 0.026969
2 0.024077 0.418588 0.006766 0.030423
1 0.055039 0.415121 0.006925 0.030281
2 0.042914 0.468835 0.010163 0.034571
1 0.078875 0.528423 0.013095 0.037698
2 0.020607 0.612576 0.012338 0.041813
1 0.085318 0.608921 0.008868 0.039071
2 0.162110 0.614975 0.014394 0.042955
1 0.184409 0.668898 0.010924 0.044783
2 0.363099 0.613414 0.009647 0.042974
1 0.384112 0.526183 0.007540 0.035681
2 0.164499 0.422389 0.008419 0.030241
1 0.180822 0.440717 0.006873 0.031157
2 0.208270 0.422237 0.008849 0.030851
1 0.231462 0.418479 0.008224 0.029787
2 0.286715 0.466473 0.011026 0.032193
1 0.357115 0.430615 0.007206 0.031039
2 0.546231 0.479803 0.008247 0.035285
0 0.444900 0.472243 0.003415 0.005203