1 0.286866 0.441339 0.010482 0.033387
2 0.467449 0.479462 0.007344 0.032985
1 0.468338 0.422957 0.010216 0.032183
2 0.468774 0.388754 0.008766 0.027111
4 0.465752 0.319561 0.006408 0.021560
2 0.467682 0.353412 0.007097 0.025644
1 0.496367 0.418860 0.008207 0.030039
2 0.510790 0.416499 0.007845 0.029610
1 0.521290 0.440531 0.009776 0.031326
2 0.539092 0.357923 0.011104 0.026606
1 0.555627 0.413174 0.009655 0.032399
2 0.566972 0.450401 0.009414 0.029610
1 0.546454 0.505050 0.011295 0.033735
2 0.706250 0.525026 0.011786 0.037055
1 0.736307 0.434466 0.011351 0.026288
2 0.727299 0.424840 0.008747 0.029991
0 0.691960 0.434069 0.004896 0.005947
2 0.649083 0.426237 0.011505 0.026255
1 0.636192 0.443570 0.012484 0.029881
2 0.621624 0.348415 0.006439 0.023773
1 0.594385 0.398162 0.006042 0.028880
2 0.615978 0.400363 0.010995 0.028351
4 0.623872 0.452112 0.009942 0.030450
2 0.810405 0.464643 0.011081 0.031767