2 0.653289 0.510611 0.006318 0.038251
4 0.479881 0.808875 0.010587 0.051304
2 0.329781 0.730097 0.010587 0.048572
1 0.409698 0.575121 0.009221 0.043411
2 0.384254 0.493307 0.007855 0.037036
1 0.277784 0.511522 0.011783 0.036429
2 0.267453 0.598497 0.011270 0.044019
1 0.238082 0.538085 0.011612 0.042197
2 0.236716 0.402842 0.007514 0.030358
1 0.165070 0.418197 0.007403 0.032578
2 0.152145 0.479793 0.010194 0.038834
1 0.149051 0.529846 0.009587 0.040992
4 0.132243 0.602445 0.016262 0.044659
1 0.154997 0.685183 0.012257 0.049622
2 0.106818 0.688312 0.012743 0.048543
1 0.031092 0.562100 0.008616 0.042071
2 0.043045 0.519490 0.010194 0.037540
1 0.069805 0.467064 0.006917 0.036245
0 0.154981 0.544641 0.003853 0.006458