4 0.161545 0.380188 0.006574 0.028019
1 0.312183 0.476543 0.007480 0.033015
2 0.221358 0.651434 0.008186 0.047687
1 0.287411 0.706622 0.009319 0.052389
2 0.280358 0.735951 0.009823 0.051493
1 0.402012 0.686360 0.009319 0.049478
2 0.435133 0.673823 0.009823 0.045449
1 0.500997 0.749943 0.010327 0.049926
2 0.458311 0.587254 0.009275 0.041750
4 0.475529 0.605410 0.009177 0.041224
2 0.521807 0.590587 0.011150 0.039996
1 0.536242 0.642761 0.013399 0.040993
2 0.547464 0.661189 0.010649 0.042175
1 0.591537 0.682090 0.012758 0.046112
2 0.576038 0.733169 0.010228 0.047424
0 0.651321 0.631010 0.003901 0.007310
2 0.614025 0.652718 0.012030 0.042894
1 0.635651 0.590533 0.010946 0.034087
2 0.595694 0.541120 0.012019 0.032179
1 0.533916 0.524204 0.011948 0.033196
2 0.563893 0.515046 0.011375 0.030653
1 0.662823 0.634377 0.010363 0.034909
2 0.659152 0.637758 0.014237 0.035792
1 0.701802 0.526345 0.012128 0.035879
4 0.772504 0.794174 0.015284 0.046646