1 0.726096 0.652584 0.027544 0.065075
2 0.671372 0.686994 0.011462 0.065259
1 0.657819 0.682038 0.015953 0.060302
2 0.603532 0.421416 0.008364 0.031941
1 0.575962 0.457350 0.008054 0.040477
2 0.515789 0.518203 0.010377 0.044883
1 0.537163 0.532521 0.011926 0.044332
4 0.627384 0.527978 0.010532 0.042404
1 0.632496 0.552347 0.012391 0.050940
2 0.463360 0.589106 0.010842 0.050114
1 0.420844 0.698835 0.015024 0.059201
2 0.469555 0.692639 0.014559 0.062230
1 0.361910 0.431880 0.008054 0.032492
4 0.687335 0.320605 0.005691 0.026979
1 0.775145 0.461447 0.013179 0.039936
2 0.825515 0.499254 0.014677 0.052361
1 0.894105 0.647107 0.016673 0.066916
2 0.946672 0.561821 0.014776 0.054313
1 0.907254 0.891700 0.026226 0.082720