1 0.207311 0.730657 0.023138 0.067546
0 0.278063 0.727627 0.007307 0.011258
1 0.340413 0.691256 0.019971 0.045896
2 0.354783 0.691689 0.011203 0.062350
1 0.344675 0.581278 0.012908 0.053690
4 0.318371 0.568938 0.016805 0.051525
1 0.198177 0.557247 0.013639 0.057587
2 0.148736 0.689307 0.025330 0.053257
1 0.272827 0.489918 0.017292 0.046762
2 0.205241 0.428651 0.015100 0.043731
1 0.366230 0.425620 0.014126 0.043731
2 0.402763 0.554433 0.014613 0.051958
1 0.395456 0.644277 0.015100 0.058453
2 0.417376 0.722647 0.017536 0.061051
1 0.437956 0.701214 0.020702 0.061484
2 0.459389 0.676534 0.022651 0.064082
1 0.538666 0.678699 0.014126 0.060618
2 0.487520 0.730441 0.035559 0.039402
1 0.530629 0.554000 0.013639 0.054556
2 0.076400 0.529103 0.020459 0.058453
1 0.043764 0.522175 0.018997 0.049793
2 0.008852 0.579979 0.017704 0.054556
4 0.008604 0.289968 0.014713 0.034467
2 0.690209 0.519505 0.014750 0.044408
4 0.674215 0.772538 0.021091 0.057948