4 0.464483 0.715389 0.013458 0.060205
2 0.366719 0.570612 0.018026 0.052927
1 0.277166 0.610000 0.014344 0.059581
2 0.305276 0.528100 0.011496 0.050815
1 0.309086 0.485156 0.014898 0.046454
2 0.322696 0.435532 0.013715 0.035100
1 0.340315 0.425888 0.015485 0.039042
2 0.281304 0.424817 0.009886 0.037895
1 0.241698 0.408486 0.010878 0.038004
2 0.225093 0.399820 0.014651 0.035727
1 0.568709 0.404011 0.009486 0.036248
2 0.183442 0.494655 0.012207 0.050185
1 0.080313 0.557726 0.012457 0.054984
2 0.042380 0.523339 0.012286 0.053413
4 0.097724 0.474984 0.010207 0.047694
2 0.122165 0.438805 0.012136 0.039380
1 0.140703 0.427636 0.011496 0.042645
0 0.287881 0.311543 0.005983 0.010154