1 0.308332 0.397397 0.010073 0.039913
2 0.345285 0.483156 0.010679 0.040992
1 0.396984 0.427386 0.015291 0.036461
2 0.412275 0.394376 0.011165 0.039913
1 0.423309 0.371999 0.008331 0.036062
2 0.396549 0.451690 0.013493 0.037994
1 0.454053 0.420619 0.012407 0.039926
2 0.444590 0.458291 0.012135 0.041214
1 0.460574 0.450000 0.009146 0.042341
2 0.488466 0.425851 0.011320 0.036867
1 0.484662 0.413857 0.010595 0.037994
4 0.487741 0.496527 0.017116 0.035901
1 0.527315 0.388018 0.017840 0.033326
2 0.565622 0.409591 0.015486 0.033970
4 0.514275 0.258659 0.005705 0.030267
2 0.646989 0.449597 0.015757 0.034775
1 0.627428 0.561488 0.021734 0.042180
2 0.682850 0.540639 0.020647 0.038799
0 0.746377 0.435028 0.005343 0.007567
2 0.801436 0.428185 0.014942 0.033809
1 0.726182 0.542168 0.015123 0.041536
2 0.866639 0.465375 0.013674 0.042824
4 0.909518 0.865926 0.015214 0.059567
2 0.302353 0.538789 0.014189 0.039877
1 0.376654 0.549740 0.016313 0.040330