1 0.305831 0.464680 0.009567 0.034609
4 0.490589 0.316595 0.006693 0.024446
0 0.427099 0.358344 0.003294 0.005170
2 0.500713 0.471152 0.011621 0.034141
4 0.441161 0.536481 0.009050 0.041465
2 0.405206 0.501267 0.010802 0.040796
1 0.383075 0.552007 0.010957 0.041162
2 0.328945 0.536760 0.009481 0.038459
1 0.278222 0.567082 0.010658 0.038841
2 0.277940 0.598052 0.010064 0.041624
1 0.367139 0.550087 0.008546 0.041578
2 0.373059 0.494545 0.011695 0.034137
1 0.376317 0.471647 0.011365 0.033426
2 0.387868 0.451156 0.008060 0.032262
1 0.384626 0.449288 0.009062 0.029572
1 0.588077 0.589663 0.009931 0.045795
1 0.616713 0.542529 0.013034 0.045437
1 0.646290 0.603893 0.013595 0.045688
1 0.693811 0.621774 0.009100 0.046129
2 0.729459 0.326689 0.009431 0.030952
2 0.763326 0.446453 0.011319 0.033929
2 0.813822 0.407426 0.011473 0.030706
2 0.897181 0.447848 0.010189 0.039309
1 0.898922 0.541270 0.007686 0.047026
4 0.879839 0.789480 0.012039 0.056325