1 0.586754 0.516928 0.006017 0.028912
4 0.576183 0.691412 0.011872 0.047705
1 0.510806 0.620433 0.010896 0.042212
2 0.466083 0.583715 0.008619 0.037007
1 0.425769 0.525873 0.006715 0.030332
2 0.413716 0.525384 0.006825 0.030919
1 0.410873 0.505454 0.006708 0.030356
2 0.404760 0.498121 0.007827 0.027650
2 0.388554 0.487507 0.006924 0.027115
1 0.286507 0.561077 0.009920 0.034625
2 0.340205 0.539962 0.007554 0.032522
1 0.339795 0.507440 0.008373 0.030257
4 0.313174 0.493930 0.007008 0.028153
1 0.313401 0.471278 0.006553 0.024917
2 0.282138 0.485921 0.006462 0.028639
1 0.244641 0.462379 0.006644 0.022652
2 0.249692 0.493687 0.008009 0.027021
1 0.233310 0.529202 0.009101 0.035920
2 0.219749 0.494415 0.007099 0.025888
1 0.159617 0.472285 0.006146 0.026818
4 0.126766 0.459770 0.004805 0.022447
0 0.085589 0.526119 0.004917 0.008939
1 0.095702 0.596937 0.011733 0.045292
1 0.391654 0.503383 0.005140 0.029969
2 0.080650 0.513703 0.007330 0.032579