4 0.973129 0.829313 0.021756 0.060731
1 0.926897 0.781220 0.022424 0.054115
2 0.930523 0.747716 0.016317 0.054285
1 0.904616 0.752805 0.018703 0.058695
2 0.798124 0.709971 0.013932 0.052758
1 0.783525 0.622776 0.013359 0.052758
2 0.739440 0.640504 0.014504 0.046481
1 0.781235 0.558144 0.014313 0.048008
2 0.811006 0.501060 0.011642 0.044106
1 0.745881 0.509712 0.010592 0.048517
2 0.718065 0.475105 0.011451 0.041053
1 0.679133 0.484774 0.009542 0.041053
2 0.668827 0.551443 0.010687 0.047838
1 0.618874 0.479685 0.009638 0.042071
4 0.590557 0.602051 0.012239 0.050355
1 0.565292 0.638030 0.007693 0.052065
2 0.510479 0.636554 0.012589 0.055328
1 0.483203 0.518126 0.009791 0.041962
2 0.411473 0.427440 0.011802 0.036834
1 0.684091 0.787353 0.025920 0.064313
4 0.246447 0.319308 0.007693 0.029631
1 0.149131 0.593669 0.011327 0.049536
2 0.161956 0.556608 0.015346 0.042846
1 0.174778 0.538847 0.014213 0.048705