1 0.011801 0.595853 0.019070 0.055621
2 0.089422 0.522486 0.018772 0.048734
1 0.055603 0.747088 0.020262 0.072042
2 0.104723 0.406016 0.012575 0.037431
1 0.122708 0.441888 0.009358 0.036392
2 0.175400 0.395215 0.009925 0.031979
1 0.301715 0.543608 0.010727 0.049767
2 0.269404 0.421750 0.008895 0.039534
1 0.322121 0.371518 0.011250 0.030232
2 0.308380 0.326760 0.009709 0.024739
4 0.380754 0.699907 0.024573 0.057377
2 0.605618 0.374608 0.008356 0.038490
4 0.026239 0.344096 0.005692 0.025300
1 0.226423 0.539325 0.017077 0.045539
4 0.277418 0.429272 0.008064 0.040479
1 0.334685 0.394549 0.012305 0.032064
2 0.340331 0.411180 0.012811 0.034162
1 0.342270 0.449687 0.011631 0.035061
2 0.342944 0.475309 0.012979 0.042553
2 0.218783 0.519277 0.012908 0.044314