0 0.875808 0.466919 0.003851 0.006555
2 0.881503 0.451113 0.008522 0.041081
1 0.830002 0.441062 0.007293 0.045742
2 0.882150 0.339752 0.009138 0.034401
1 0.943303 0.450894 0.013029 0.040832
2 0.994142 0.401346 0.010208 0.041071
1 0.935894 0.511018 0.015081 0.043807
2 0.860017 0.532154 0.013491 0.047459
1 0.858151 0.606022 0.014066 0.050776
2 0.983115 0.615554 0.012457 0.052905
1 0.647689 0.637757 0.012365 0.048906
2 0.656655 0.507878 0.008818 0.042577
1 0.686428 0.440723 0.006749 0.041802
2 0.745931 0.475566 0.008677 0.040602
1 0.771114 0.426010 0.012566 0.039361
2 0.751613 0.335646 0.006572 0.034244
4 0.730934 0.298279 0.006005 0.028403
4 0.911076 0.434171 0.009189 0.042653
1 0.402117 0.456993 0.008652 0.038256