1 0.389209 0.444331 0.007528 0.037578
4 0.622172 0.303233 0.006337 0.025748
2 0.732043 0.502582 0.006563 0.036611
1 0.765536 0.447666 0.006563 0.033795
2 0.681690 0.372030 0.006337 0.029772
1 0.658041 0.424331 0.006563 0.035404
2 0.637334 0.489708 0.007242 0.036611
1 0.617985 0.501778 0.008373 0.036611
2 0.671393 0.589081 0.009279 0.044658
1 0.687687 0.671557 0.011994 0.045462
2 0.718238 0.641785 0.012899 0.045462
1 0.658833 0.383093 0.007694 0.032588
2 0.879141 0.341654 0.007015 0.029369
1 0.895775 0.456919 0.007242 0.034600
2 0.852437 0.476633 0.011089 0.036209
1 0.922818 0.549453 0.007921 0.043451
2 0.833201 0.584454 0.009279 0.044255
1 0.811815 0.595116 0.007694 0.041439
2 0.728617 0.480455 0.008079 0.033795
4 0.777191 0.546636 0.007694 0.041037