2 0.073144 0.709775 0.022334 0.072792
2 0.039116 0.412704 0.010800 0.047157
1 0.088852 0.390304 0.012884 0.040757
2 0.107042 0.325631 0.008716 0.030652
1 0.172978 0.355610 0.010231 0.034694
2 0.106189 0.466598 0.011558 0.049852
1 0.115947 0.465419 0.011747 0.044799
2 0.231822 0.411591 0.011343 0.042773
1 0.243766 0.426562 0.010827 0.040940
1 0.311305 0.353847 0.012546 0.031163
2 0.336311 0.373248 0.008593 0.034524
1 0.359167 0.410216 0.017186 0.036968
2 0.355988 0.420757 0.008421 0.040329
1 0.363378 0.445657 0.009796 0.043690
2 0.400499 0.517913 0.016670 0.048884
1 0.413990 0.564963 0.015123 0.054994
2 0.601324 0.408409 0.007705 0.039418
4 0.289452 0.415083 0.008773 0.042747
2 0.534825 0.708818 0.017808 0.059635
1 0.234074 0.513562 0.010320 0.046860
2 0.290484 0.349417 0.007941 0.028252