1 0.443931 0.416158 0.007569 0.033942
2 0.739303 0.457668 0.008161 0.040001
1 0.750972 0.445804 0.009992 0.040136
2 0.716116 0.426278 0.007856 0.036340
1 0.756121 0.396583 0.007322 0.030645
2 0.768095 0.369396 0.006712 0.025356
2 0.921443 0.550999 0.028765 0.053438
4 0.836280 0.437804 0.010323 0.039249
2 0.866126 0.420633 0.009301 0.035434
1 0.922138 0.398191 0.008279 0.033071
2 0.813282 0.401280 0.009915 0.031254
1 0.985946 0.499136 0.015583 0.039575
2 0.970069 0.381361 0.009912 0.032306
1 0.741457 0.350333 0.009514 0.024807
4 0.694191 0.340486 0.005827 0.022199
1 0.969348 0.356119 0.010220 0.031322