1 0.276834 0.486433 0.009542 0.035475
2 0.364556 0.581068 0.012938 0.039767
1 0.434390 0.519364 0.010992 0.037315
2 0.459359 0.516711 0.007311 0.040144
1 0.474877 0.522194 0.008605 0.038199
2 0.465004 0.479264 0.008157 0.040056
1 0.488803 0.431383 0.010296 0.035369
2 0.504098 0.479751 0.009251 0.039260
1 0.511484 0.381424 0.007113 0.030948
2 0.528445 0.403176 0.008804 0.032186
1 0.531106 0.458927 0.008953 0.038287
2 0.611533 0.443560 0.011234 0.036597
4 0.648617 0.453702 0.009999 0.039944
2 0.650529 0.426150 0.012410 0.038166
1 0.729079 0.365398 0.009646 0.032101
2 0.716345 0.328434 0.009823 0.031578
1 0.886438 0.454430 0.010593 0.043898
2 0.877560 0.419351 0.009997 0.040583
4 0.884376 0.787070 0.014287 0.058349
2 0.628232 0.457130 0.011270 0.042382
1 0.399305 0.514454 0.010797 0.038853
1 0.770653 0.429825 0.012852 0.037008
1 0.456860 0.444088 0.011261 0.035861
4 0.464554 0.316865 0.007121 0.026457