0 0.625912 0.831334 0.007815 0.011937
4 0.858885 0.820376 0.018052 0.056163
1 0.817563 0.502088 0.011258 0.045367
2 0.735270 0.502374 0.009221 0.044032
1 0.696242 0.475878 0.012438 0.039076
2 0.685091 0.489126 0.014368 0.039267
1 0.659894 0.511905 0.010079 0.045176
2 0.735806 0.574903 0.010079 0.049560
1 0.646412 0.663868 0.018258 0.047133
2 0.800045 0.710890 0.013631 0.047355
1 0.737954 0.743905 0.016508 0.052469
2 0.642414 0.813818 0.026903 0.053381
1 0.571685 0.684839 0.016315 0.041039
4 0.523260 0.570980 0.010067 0.047827
1 0.537146 0.501861 0.010067 0.040422
2 0.521531 0.424788 0.011295 0.035992
1 0.398939 0.426208 0.011614 0.039212
2 0.432883 0.545501 0.012694 0.041621
1 0.391834 0.555028 0.013839 0.045876
2 0.265029 0.669410 0.013927 0.051342
1 0.199792 0.580147 0.014807 0.042742
2 0.175897 0.586923 0.011581 0.047954
1 0.200159 0.496096 0.013780 0.045087
4 0.242237 0.320289 0.008439 0.029013
1 0.715351 0.833361 0.016418 0.069913