4 0.570806 0.269000 0.009149 0.026229
1 0.558282 0.282276 0.008986 0.029573
2 0.576149 0.272855 0.006957 0.032314
1 0.547087 0.302298 0.008636 0.036950
2 0.561132 0.308933 0.009820 0.027707
1 0.521776 0.330456 0.006834 0.035684
2 0.511350 0.323847 0.006795 0.036638
1 0.486587 0.417027 0.010783 0.040898
2 0.508478 0.411470 0.006945 0.040548
1 0.500478 0.378608 0.012596 0.036311
2 0.504597 0.346110 0.010076 0.035464
1 0.601070 0.329751 0.007315 0.031633
2 0.619583 0.378512 0.010774 0.036047
4 0.641609 0.355073 0.008565 0.040456
2 0.676919 0.310722 0.008875 0.037847
1 0.630987 0.291608 0.008419 0.032052
2 0.662876 0.274813 0.007681 0.030058
1 0.721318 0.385107 0.012427 0.039856
2 0.737068 0.313400 0.010300 0.035796
0 0.821417 0.314583 0.003751 0.007244
2 0.866384 0.313090 0.009121 0.038402
1 0.928946 0.364969 0.009478 0.041928
2 0.864780 0.459189 0.009278 0.044882
4 0.929398 0.739250 0.013891 0.066932
2 0.358296 0.375623 0.007819 0.040787