4 0.562625 0.667525 0.015359 0.055720
4 0.032518 0.415305 0.011838 0.052433
2 0.009094 0.336566 0.012339 0.047618
1 0.008843 0.462655 0.017054 0.053325
2 0.108961 0.451241 0.011838 0.053682
1 0.126567 0.404961 0.011537 0.046013
2 0.065523 0.223585 0.008828 0.042803
1 0.192426 0.232502 0.009029 0.039236
2 0.195937 0.324082 0.012239 0.045121
1 0.215599 0.329343 0.010433 0.049580
2 0.262248 0.381598 0.013643 0.050293
1 0.314564 0.472821 0.013744 0.047261
2 0.344559 0.472553 0.014546 0.049223
0 0.351381 0.494490 0.004113 0.007490
2 0.231049 0.538095 0.020866 0.047618
1 0.455308 0.441820 0.015269 0.049118
2 0.428648 0.614272 0.015511 0.059674
1 0.585334 0.342291 0.012118 0.043517
2 0.326146 0.235387 0.007876 0.039833
1 0.012448 0.151564 0.009914 0.038188