1 0.028352 0.442231 0.013208 0.041784
2 0.067783 0.524071 0.013985 0.047309
1 0.180693 0.400520 0.008629 0.035228
2 0.216409 0.356770 0.008150 0.032387
1 0.234866 0.344696 0.010867 0.032671
2 0.253083 0.388446 0.010227 0.034944
1 0.275456 0.429356 0.008949 0.038921
2 0.325735 0.325393 0.010218 0.029843
1 0.342796 0.352642 0.007846 0.032438
2 0.355477 0.328962 0.007299 0.035034
1 0.355203 0.354588 0.009306 0.033087
4 0.326465 0.400002 0.013503 0.035682
1 0.341975 0.430819 0.010583 0.036331
2 0.430106 0.375024 0.008029 0.035682
1 0.463771 0.390595 0.008211 0.036331
2 0.483204 0.411518 0.009123 0.037953
1 0.506058 0.451952 0.009527 0.037847
2 0.523701 0.442647 0.007175 0.035965
1 0.629029 0.387340 0.009174 0.035338
4 0.783808 0.674870 0.012083 0.048905
1 0.242013 0.587513 0.011594 0.049974
2 0.346832 0.546715 0.011276 0.044045