1 0.929982 0.377051 0.014999 0.041313
2 0.838297 0.310575 0.011619 0.038308
1 0.775976 0.431133 0.011619 0.042064
4 0.917941 0.308134 0.009507 0.035679
1 0.957023 0.449724 0.017112 0.044693
2 0.972023 0.306069 0.007394 0.038308
1 0.920264 0.267761 0.009507 0.035303
2 0.916462 0.244851 0.010352 0.032299
1 0.762350 0.277713 0.009718 0.034177
2 0.737949 0.306444 0.006126 0.036055
1 0.743653 0.352076 0.010352 0.039435
2 0.735520 0.342687 0.009295 0.038684
1 0.444361 0.360148 0.010518 0.034727
4 0.735538 0.206449 0.005490 0.024475