1 0.302394 0.496443 0.011078 0.038159
0 0.308279 0.509778 0.004847 0.008206
2 0.564376 0.388157 0.009570 0.032608
1 0.574544 0.405170 0.008374 0.034735
2 0.534969 0.434411 0.010168 0.038634
1 0.496191 0.461171 0.008772 0.038988
2 0.470572 0.501223 0.008972 0.038279
1 0.512041 0.489349 0.009769 0.042178
2 0.540452 0.498210 0.012760 0.041469
1 0.567965 0.468083 0.010367 0.042887
2 0.539953 0.541983 0.014953 0.043242
1 0.496765 0.531702 0.014408 0.039812
2 0.509920 0.541725 0.013781 0.042040
1 0.536621 0.594901 0.011119 0.044267
2 0.639980 0.483816 0.010806 0.044267
1 0.660182 0.462796 0.012998 0.040648
2 0.705441 0.441219 0.011432 0.041483
4 0.695105 0.465719 0.007987 0.042040
2 0.751461 0.339044 0.007109 0.034197
1 0.775088 0.376958 0.010036 0.035683
2 0.830199 0.445614 0.011726 0.041931
1 0.894555 0.436988 0.011321 0.040972
2 0.895467 0.484149 0.010264 0.045048
4 0.885125 0.787797 0.017257 0.063093
4 0.476321 0.318589 0.006710 0.023776