1 0.340386 0.445217 0.006243 0.036368
2 0.428772 0.502406 0.011759 0.036932
1 0.439159 0.463500 0.007709 0.036700
2 0.475350 0.439227 0.008231 0.035538
1 0.483189 0.514484 0.013457 0.038325
2 0.489321 0.423551 0.005912 0.033824
1 0.502704 0.404538 0.007524 0.034779
2 0.515549 0.431577 0.010427 0.034206
1 0.545700 0.387053 0.007309 0.033824
2 0.556287 0.427564 0.007632 0.034588
1 0.583697 0.368135 0.012361 0.031147
2 0.585148 0.371000 0.012899 0.026559
0 0.598585 0.370332 0.003010 0.005351
2 0.608098 0.366128 0.012576 0.030575
4 0.623953 0.408837 0.010964 0.034588
4 0.555374 0.310233 0.006449 0.026562
1 0.667674 0.386034 0.011310 0.033193
2 0.697452 0.369631 0.008582 0.031541
1 0.595998 0.561236 0.011027 0.042500
2 0.726160 0.583976 0.010586 0.047519
1 0.753065 0.471375 0.009527 0.040618
2 0.858703 0.426993 0.008028 0.040304
1 0.851381 0.467611 0.011027 0.045009
2 0.884197 0.473884 0.010145 0.045323
4 0.877994 0.789343 0.015076 0.060304