4 0.148391 0.379587 0.006957 0.027830
1 0.174481 0.469498 0.008563 0.037344
2 0.239372 0.466287 0.011239 0.035203
1 0.131465 0.528844 0.011640 0.040912
2 0.285833 0.461497 0.011221 0.033695
1 0.285757 0.520531 0.009249 0.040704
2 0.307440 0.487914 0.008340 0.033695
1 0.368547 0.622965 0.013495 0.041243
0 0.407130 0.408117 0.002748 0.005359
1 0.412183 0.398188 0.008599 0.026478
2 0.421004 0.416391 0.007092 0.027581
1 0.439045 0.402601 0.008599 0.028685
4 0.430002 0.450119 0.009309 0.033570
1 0.444187 0.429552 0.009309 0.029945
2 0.458505 0.453902 0.009043 0.030733
1 0.473753 0.424114 0.008865 0.031679
2 0.478673 0.398188 0.008954 0.026478
1 0.498044 0.447834 0.008333 0.030891
2 0.451462 0.499859 0.007598 0.033018
1 0.457734 0.505219 0.006874 0.034305
2 0.553251 0.588623 0.011216 0.039450
1 0.574839 0.558713 0.009045 0.035377
2 0.536427 0.493642 0.006754 0.034734
4 0.722956 0.774444 0.008763 0.046820
2 0.674672 0.502144 0.010282 0.034053