1 0.490921 0.261914 0.010066 0.027633
2 0.520971 0.318627 0.010954 0.039475
1 0.535922 0.335338 0.007106 0.042370
2 0.561606 0.327180 0.007550 0.041317
1 0.548209 0.397182 0.009178 0.041844
2 0.595653 0.255467 0.006661 0.036317
1 0.592766 0.189675 0.006217 0.034212
2 0.580406 0.189938 0.012583 0.016316
4 0.662119 0.246519 0.007550 0.036317
0 0.691133 0.207307 0.003997 0.006842
2 0.709785 0.202702 0.006661 0.031317
1 0.714670 0.255467 0.009030 0.026317
2 0.665450 0.350338 0.007402 0.038159
1 0.775415 0.252083 0.008955 0.036158
2 0.834458 0.265305 0.009866 0.036698
1 0.845690 0.336947 0.007134 0.038587
2 0.881663 0.377018 0.010777 0.045333
1 0.801673 0.511127 0.012294 0.046412
2 0.930006 0.510857 0.015785 0.046412
1 0.946461 0.356897 0.014575 0.041312
4 0.547913 0.168358 0.005329 0.031580