4 0.871046 0.342513 0.008352 0.042606
1 0.919431 0.312818 0.010712 0.037441
2 0.961916 0.333959 0.007807 0.042928
1 0.990874 0.406260 0.015977 0.046156
2 0.995619 0.452739 0.008763 0.048093
1 0.967635 0.572164 0.012709 0.058421
2 0.824930 0.486952 0.019245 0.048738
1 0.646821 0.693364 0.012346 0.059390
2 0.734696 0.342190 0.013435 0.045188
1 0.800420 0.461938 0.011983 0.047770
2 0.838728 0.264887 0.014162 0.039701
1 0.731275 0.235247 0.011351 0.035251
2 0.667263 0.287996 0.011495 0.040105
1 0.659504 0.275990 0.009196 0.036018
2 0.612877 0.349814 0.015662 0.044192
1 0.517469 0.299874 0.010777 0.039849
2 0.515314 0.428873 0.011351 0.049556
1 0.277620 0.432808 0.012327 0.051945
2 0.373268 0.259487 0.015680 0.038944
1 0.447575 0.220543 0.012336 0.034435
4 0.509950 0.161820 0.007955 0.030130
0 0.377517 0.275046 0.004055 0.006226