1 0.211987 0.518414 0.015631 0.053423
1 0.140163 0.520958 0.021024 0.052249
2 0.157114 0.441411 0.012218 0.044617
0 0.149764 0.457040 0.005565 0.009053
4 0.160761 0.401895 0.011920 0.036707
2 0.142952 0.370423 0.012772 0.034058
1 0.014115 0.394680 0.015321 0.034666
2 0.019129 0.446348 0.016435 0.042589
1 0.006849 0.516175 0.013697 0.055465
2 0.068249 0.636018 0.021635 0.062398
1 0.120247 0.696353 0.023678 0.073788
1 0.646491 0.372410 0.009893 0.035527
4 0.555762 0.656421 0.013805 0.058289
1 0.312156 0.404810 0.008891 0.034739
2 0.281442 0.446824 0.009513 0.037526
1 0.178697 0.483153 0.009808 0.041847
2 0.145500 0.403924 0.008520 0.033112
4 0.002353 0.347982 0.004706 0.027353