1 0.694149 0.252285 0.011921 0.037205
2 0.626201 0.276067 0.006888 0.041443
1 0.623176 0.251238 0.008784 0.042533
2 0.612659 0.246718 0.008553 0.042122
1 0.577234 0.221136 0.008437 0.039862
2 0.573073 0.193603 0.009362 0.040273
2 0.559204 0.183124 0.010518 0.034108
2 0.544814 0.174700 0.009477 0.034108
2 0.473676 0.166789 0.010055 0.033903
2 0.470266 0.182816 0.006704 0.035136
1 0.439985 0.175213 0.011327 0.035547
4 0.431490 0.213739 0.008668 0.039862
1 0.503991 0.256179 0.008924 0.045442
1 0.497865 0.273791 0.012100 0.039795
1 0.513595 0.303772 0.011797 0.045442
4 0.903297 0.504024 0.014802 0.059646
2 0.366058 0.211437 0.008608 0.039074
1 0.328785 0.159990 0.009524 0.036469
1 0.310194 0.232765 0.007876 0.040051
2 0.309645 0.325077 0.010806 0.048843
2 0.207716 0.282747 0.010990 0.050145
2 0.153959 0.204436 0.010440 0.041353
4 0.046078 0.167642 0.009341 0.034841
1 0.506394 0.140516 0.006034 0.038341