1 0.180689 0.641482 0.018983 0.064482
2 0.097311 0.526159 0.012590 0.059849
1 0.016296 0.443198 0.015875 0.055470
2 0.048033 0.324060 0.013285 0.051239
1 0.102750 0.219779 0.011484 0.040431
2 0.125718 0.305045 0.013285 0.049238
1 0.166024 0.277624 0.010133 0.045635
2 0.177733 0.275822 0.011934 0.047637
1 0.185276 0.309448 0.009457 0.045235
2 0.183587 0.333867 0.013736 0.049238
1 0.231355 0.418565 0.011133 0.052646
2 0.244046 0.381951 0.011578 0.049083
1 0.561050 0.345237 0.016833 0.046839
4 0.318185 0.705980 0.012400 0.062039