2 0.612537 0.501370 0.012096 0.036189
4 0.460953 0.807099 0.011778 0.053423
1 0.352500 0.550572 0.008176 0.038459
2 0.335636 0.539973 0.007836 0.037854
1 0.353948 0.490611 0.009369 0.037854
2 0.359740 0.390223 0.008347 0.030889
1 0.348327 0.416266 0.006303 0.033917
2 0.344238 0.454272 0.012435 0.034825
1 0.335381 0.420506 0.008687 0.030283
2 0.318176 0.390980 0.010050 0.027558
1 0.264433 0.424443 0.008858 0.032706
4 0.242289 0.437162 0.008176 0.033917
1 0.193486 0.406273 0.012435 0.030889
2 0.186417 0.472593 0.010902 0.036340
1 0.156777 0.512264 0.008517 0.038157
2 0.151071 0.459571 0.007325 0.036340
1 0.175259 0.408241 0.013116 0.033009
2 0.119472 0.408544 0.006473 0.030586
1 0.176537 0.378413 0.009198 0.030283
2 0.065740 0.659139 0.010385 0.046072
1 0.042678 0.444995 0.011040 0.036259
2 0.022937 0.414392 0.008982 0.032267
4 0.025786 0.379595 0.008586 0.027458