2 0.477488 0.666644 0.013917 0.055601
1 0.410454 0.421892 0.010160 0.034638
2 0.483180 0.462557 0.008195 0.035640
1 0.674044 0.536599 0.011800 0.051230
2 0.631627 0.523019 0.010434 0.042176
1 0.613334 0.459564 0.009360 0.036307
2 0.636097 0.443049 0.009219 0.041098
1 0.670844 0.407120 0.008651 0.037820
2 0.629754 0.348869 0.008566 0.028327
0 0.631398 0.359305 0.002886 0.004654
4 0.636265 0.322672 0.006041 0.022791
1 0.916460 0.643584 0.016571 0.064443
2 0.903427 0.580675 0.015708 0.052782
1 0.920461 0.501725 0.012911 0.050590
2 0.910712 0.447388 0.012911 0.045437
1 0.924149 0.423967 0.010803 0.046842
2 0.805514 0.462026 0.012252 0.046140
4 0.819281 0.437902 0.011066 0.040987
2 0.758918 0.376691 0.009278 0.032018
1 0.772698 0.361652 0.011461 0.029593
2 0.799782 0.319931 0.008323 0.020860
1 0.906396 0.377099 0.008551 0.038567
2 0.923023 0.356407 0.006967 0.034345
1 0.880110 0.338390 0.009818 0.030966
4 0.932979 0.911728 0.028718 0.090124