1 0.157845 0.381935 0.009395 0.035696
2 0.192200 0.389631 0.006632 0.035368
1 0.170740 0.418941 0.009395 0.038316
2 0.190450 0.467408 0.015658 0.040281
1 0.202240 0.342965 0.012342 0.029146
2 0.253819 0.383736 0.009395 0.034058
1 0.243319 0.509326 0.010132 0.043555
2 0.301989 0.434169 0.008474 0.040608
1 0.347581 0.488204 0.012342 0.044538
2 0.278503 0.524063 0.008658 0.042245
1 0.380463 0.529794 0.008105 0.045848
2 0.390594 0.525046 0.010684 0.042245
1 0.350356 0.617853 0.012513 0.051056
2 0.415897 0.729082 0.016001 0.055432
4 0.569851 0.764821 0.015385 0.058349
2 0.594966 0.399362 0.008565 0.037199
4 0.290218 0.472672 0.012359 0.041549
2 0.045235 0.418597 0.008584 0.039176
1 0.057758 0.426306 0.014514 0.037288