1 0.557626 0.383257 0.010355 0.034808
2 0.277832 0.408397 0.012177 0.034835
2 0.275312 0.375926 0.009657 0.030108
1 0.238292 0.359130 0.007278 0.030854
2 0.206209 0.371792 0.011994 0.033398
1 0.240462 0.442983 0.010777 0.041802
2 0.213449 0.423451 0.014416 0.036079
1 0.249279 0.505189 0.014696 0.041802
2 0.238712 0.526339 0.011197 0.045783
1 0.213659 0.467492 0.010917 0.045535
4 0.155168 0.440855 0.010824 0.037871
1 0.151196 0.414448 0.007254 0.033777
2 0.147511 0.391111 0.012321 0.031730
1 0.119357 0.358563 0.007830 0.025179
2 0.014769 0.416394 0.008161 0.035234
1 0.053824 0.491451 0.011991 0.042636
4 0.257444 0.726216 0.017877 0.063013
2 0.276255 0.388635 0.008118 0.032137