1 0.005626 0.552415 0.011252 0.052052
2 0.099090 0.393532 0.014500 0.048582
1 0.054752 0.310992 0.007808 0.045112
2 0.111498 0.216803 0.011433 0.038171
2 0.193201 0.291163 0.008644 0.042137
1 0.172288 0.310249 0.010317 0.042633
2 0.173682 0.366267 0.013664 0.043625
1 0.186788 0.344950 0.012548 0.044616
2 0.277693 0.368745 0.014779 0.047590
1 0.246044 0.412866 0.016173 0.048582
2 0.171451 0.477559 0.013664 0.049078
1 0.215509 0.520935 0.014779 0.053539
4 0.159739 0.441866 0.010875 0.051061
0 0.530225 0.351892 0.003415 0.007228
4 0.739286 0.654601 0.009107 0.051174
2 0.158068 0.246895 0.009206 0.040850
2 0.534076 0.336709 0.011615 0.045735