4 0.469646 0.809141 0.011050 0.048020
2 0.339808 0.691274 0.016882 0.051294
1 0.259542 0.604238 0.013813 0.037106
2 0.271743 0.556901 0.009055 0.036288
1 0.216033 0.609695 0.010283 0.043654
0 0.161885 0.817463 0.004334 0.009547
1 0.163110 0.807413 0.020728 0.048407
2 0.083261 0.807412 0.012554 0.053316
1 0.109677 0.695819 0.014821 0.048977
2 0.068789 0.585622 0.010113 0.041227
4 0.025896 0.598951 0.012205 0.043087
2 0.046906 0.546720 0.007846 0.037817
1 0.009331 0.475890 0.011508 0.035028
4 0.005551 0.380011 0.009108 0.028220
1 0.156475 0.497645 0.008516 0.034545
2 0.207093 0.435592 0.011155 0.030707
1 0.210932 0.423650 0.007077 0.031986
2 0.368724 0.461714 0.007677 0.033906
1 0.588424 0.513197 0.008015 0.038538