0 0.237408 0.455300 0.004670 0.009547
2 0.273599 0.442640 0.011208 0.040679
1 0.222464 0.382658 0.009340 0.033623
2 0.191877 0.395941 0.008406 0.033623
1 0.134672 0.447828 0.018679 0.041094
2 0.060421 0.432885 0.009807 0.046906
1 0.063924 0.419394 0.009340 0.034868
2 0.100465 0.382451 0.010040 0.036528
1 0.105368 0.339488 0.010507 0.033623
2 0.070111 0.349658 0.008639 0.033208
1 0.049914 0.336790 0.008873 0.028227
2 0.023179 0.375809 0.014243 0.039849
1 0.520459 0.400124 0.011782 0.036429
4 0.291430 0.751982 0.013661 0.067394