1 0.376956 0.468213 0.009948 0.035370
2 0.645988 0.407075 0.010446 0.031338
1 0.667642 0.419069 0.007617 0.029791
2 0.665984 0.472637 0.010598 0.034606
1 0.668418 0.503783 0.008760 0.038067
2 0.701100 0.526237 0.011328 0.040090
1 0.744843 0.482198 0.012125 0.032836
2 0.796376 0.472047 0.010293 0.035092
1 0.823755 0.532591 0.013763 0.038837
2 0.860923 0.659552 0.016546 0.049166
1 0.904534 0.584331 0.018201 0.045805
2 0.935854 0.665435 0.017965 0.045805
1 0.900486 0.455373 0.010279 0.032358
2 0.931857 0.440526 0.009208 0.032358
1 0.887745 0.509430 0.017345 0.036165
4 0.572371 0.320967 0.007103 0.020714
4 0.879218 0.486131 0.012397 0.037839