2 0.644005 0.414744 0.008594 0.036938
1 0.577745 0.540664 0.015383 0.044490
2 0.549075 0.483215 0.010504 0.040408
1 0.494747 0.446991 0.014464 0.039184
2 0.518776 0.540960 0.012530 0.045337
1 0.503367 0.533591 0.010695 0.045675
2 0.491406 0.535223 0.012340 0.048712
1 0.429183 0.474863 0.016776 0.044409
2 0.399148 0.396919 0.010622 0.030735
1 0.402094 0.528051 0.012473 0.047368
4 0.294731 0.485799 0.010516 0.043223
1 0.295694 0.458172 0.016399 0.034800
2 0.243840 0.607960 0.020836 0.057304
1 0.231240 0.585957 0.012733 0.052555
2 0.215524 0.529998 0.018699 0.048598
1 0.209380 0.484250 0.014781 0.046698
2 0.155153 0.403439 0.010507 0.034509
1 0.071933 0.591432 0.022677 0.054609
2 0.018749 0.467119 0.020797 0.044179
1 0.039048 0.416680 0.017674 0.040635
4 0.054151 0.317833 0.012358 0.028302
4 0.694317 0.677609 0.015872 0.052876