2 0.358415 0.496024 0.009985 0.039053
1 0.605703 0.547328 0.009404 0.044337
2 0.546829 0.572040 0.011243 0.043247
1 0.639024 0.484819 0.012879 0.039613
2 0.679909 0.423492 0.009812 0.035070
1 0.692430 0.525250 0.009301 0.040521
2 0.637133 0.674434 0.009506 0.049244
1 0.630132 0.737488 0.015741 0.054695
2 0.688239 0.705325 0.014207 0.051061
1 0.696672 0.692969 0.012265 0.053241
2 0.751713 0.601478 0.010528 0.049425
4 0.727898 0.570678 0.007870 0.046700
2 0.781535 0.543958 0.010958 0.047310
1 0.808604 0.455947 0.010045 0.040121
2 0.759880 0.432756 0.008871 0.037338
1 0.927692 0.447345 0.008880 0.040593
2 0.960357 0.711478 0.013954 0.056379
1 0.930229 0.718243 0.013954 0.055251
2 0.977085 0.604218 0.008721 0.052714
1 0.995954 0.541497 0.008087 0.051868
2 0.966699 0.511475 0.008880 0.047076
0 0.504015 0.719983 0.006626 0.011780
4 0.643486 0.309809 0.006001 0.028757
4 0.992458 0.807130 0.015084 0.062094
1 0.433423 0.744103 0.013762 0.056292
0 0.504137 0.719694 0.005311 0.010044