2 0.432593 0.362341 0.010527 0.034987
4 0.686295 0.211294 0.007889 0.024863
2 0.761690 0.241576 0.009144 0.031238
1 0.719644 0.264208 0.008965 0.031876
2 0.716955 0.304530 0.015061 0.030282
1 0.720003 0.301661 0.008965 0.025182
2 0.761063 0.326206 0.012910 0.031557
1 0.809474 0.305805 0.009324 0.036657
2 0.802481 0.412907 0.010399 0.040482
1 0.686743 0.372903 0.013089 0.040163
4 0.854030 0.352822 0.010579 0.040163
1 0.961699 0.307877 0.015778 0.034426
2 0.871063 0.234882 0.012730 0.030601
1 0.964030 0.205238 0.010758 0.029326
2 0.970613 0.490046 0.015919 0.051122
1 0.712320 0.501914 0.011297 0.051122
2 0.681638 0.478863 0.012581 0.045188