2 0.648675 0.273028 0.013567 0.046666
4 0.393018 0.587304 0.014377 0.065511
2 0.359020 0.473408 0.017018 0.053050
1 0.335857 0.404697 0.021874 0.047183
2 0.313983 0.361403 0.014291 0.051849
1 0.285912 0.331494 0.014592 0.051281
2 0.191826 0.479002 0.023246 0.053091
1 0.116573 0.483074 0.019004 0.058822
2 0.118100 0.392277 0.028506 0.048566
1 0.023922 0.393701 0.026904 0.053391
2 0.041598 0.481574 0.020335 0.062290
1 0.069284 0.425680 0.015642 0.052835
2 0.080077 0.388974 0.015955 0.047274
1 0.066718 0.295020 0.015753 0.042492
2 0.120769 0.252528 0.015210 0.045389
1 0.259019 0.176960 0.017926 0.040078
2 0.269204 0.281983 0.014395 0.039595
1 0.216919 0.322061 0.011951 0.049252
4 0.202660 0.338478 0.012766 0.052149
0 0.128749 0.386064 0.005651 0.008038