2 0.571448 0.663204 0.011416 0.061623
1 0.628112 0.606009 0.011831 0.057195
2 0.607667 0.561729 0.017435 0.058671
1 0.630810 0.530179 0.013492 0.047970
4 0.641707 0.469295 0.006642 0.050922
1 0.679795 0.436823 0.012246 0.045018
2 0.453656 0.575382 0.016190 0.057195
1 0.442124 0.572339 0.014584 0.056373
2 0.349830 0.398350 0.010029 0.041499
1 0.478045 0.505017 0.015735 0.049491
2 0.528362 0.428167 0.011931 0.045188
1 0.551360 0.424325 0.009164 0.043651
2 0.553867 0.393278 0.008646 0.043036
1 0.600899 0.343479 0.010721 0.038118
2 0.634530 0.333181 0.007435 0.039655
4 0.651735 0.272777 0.007262 0.031355
2 0.719517 0.384978 0.011758 0.039347
1 0.747356 0.509014 0.011412 0.049491
2 0.790325 0.488879 0.015389 0.040577
1 0.859749 0.448148 0.013141 0.045803
2 0.922776 0.612915 0.018502 0.056869
1 0.847460 0.311784 0.010077 0.037821