2 0.351847 0.514776 0.007946 0.041591
1 0.435055 0.645828 0.011035 0.047085
1 0.477872 0.569904 0.008828 0.042769
2 0.546733 0.550874 0.008828 0.044730
1 0.591206 0.694678 0.015229 0.047477
2 0.678497 0.764324 0.009270 0.051793
1 0.693284 0.606591 0.009270 0.051008
1 0.750338 0.534983 0.008166 0.048262
2 0.617802 0.529294 0.007946 0.039237
1 0.631265 0.418449 0.009270 0.033352
2 0.760600 0.433555 0.008387 0.035313
1 0.841490 0.425315 0.011256 0.036883
2 0.902737 0.436694 0.007504 0.038452
1 0.887177 0.475539 0.007725 0.040807
2 0.893909 0.586776 0.011477 0.052185
1 0.543113 0.467261 0.008338 0.040164
4 0.597041 0.312928 0.006080 0.024885
4 0.488930 0.731736 0.009959 0.051972
4 0.974666 0.797129 0.011244 0.055970
1 0.457153 0.725815 0.011404 0.052849
2 0.509755 0.735641 0.011071 0.050528
1 0.507982 0.721809 0.011349 0.036203
2 0.746572 0.632193 0.011311 0.048946