0 0.651787 0.396388 0.004419 0.006920
4 0.789631 0.490913 0.013552 0.043552
4 0.616625 0.307681 0.009435 0.026511
4 0.995045 0.795477 0.009911 0.062107
1 0.378070 0.459171 0.010983 0.038415
2 0.600205 0.545784 0.011855 0.042151
1 0.626955 0.386951 0.012981 0.030150
2 0.561106 0.487672 0.011934 0.042502
1 0.508954 0.526025 0.014030 0.041065
2 0.518803 0.530560 0.008503 0.044089
1 0.467793 0.567253 0.014391 0.040773
2 0.557057 0.665017 0.011237 0.047625
1 0.654989 0.612945 0.020167 0.049117
2 0.679794 0.478141 0.015327 0.041230
1 0.703490 0.495888 0.011092 0.045174
2 0.738479 0.496426 0.014923 0.037645
1 0.695121 0.564186 0.012100 0.044098
2 0.826205 0.577810 0.019360 0.046249
1 0.871479 0.589103 0.016335 0.043740
2 0.822382 0.423108 0.012522 0.034418
1 0.839616 0.417519 0.014318 0.035558
2 0.973703 0.529405 0.014219 0.051599
1 0.959704 0.450704 0.011727 0.042217
2 0.981765 0.480803 0.013339 0.042999
1 0.969525 0.474809 0.013779 0.045084