1 0.510887 0.486367 0.008275 0.035588
2 0.245044 0.512901 0.010956 0.040791
1 0.262626 0.485775 0.009178 0.037120
2 0.197818 0.408967 0.008937 0.034133
1 0.164183 0.407074 0.008204 0.029975
2 0.138420 0.412752 0.006737 0.018742
1 0.146658 0.381226 0.010508 0.029541
2 0.127162 0.403723 0.008588 0.030472
1 0.066404 0.401735 0.008793 0.032585
2 0.037507 0.393259 0.013334 0.030750
1 0.018273 0.446289 0.009450 0.033887
4 0.035663 0.459090 0.008229 0.036744
1 0.070822 0.500992 0.009247 0.038678
2 0.013253 0.561358 0.010445 0.041687
4 0.302313 0.821868 0.012644 0.053009
2 0.185315 0.575660 0.009012 0.040837