1 0.319904 0.392526 0.011402 0.038829
2 0.519105 0.485886 0.012241 0.042231
1 0.543275 0.462834 0.013693 0.039649
2 0.511435 0.435341 0.011763 0.042126
1 0.548910 0.420668 0.012047 0.041672
2 0.544054 0.396097 0.014475 0.038352
1 0.633227 0.718334 0.009942 0.054322
2 0.927748 0.656667 0.018907 0.054089
1 0.985082 0.451497 0.010723 0.042078
2 0.627804 0.596969 0.013218 0.049379
1 0.795710 0.528607 0.010181 0.047276
4 0.648801 0.479546 0.012264 0.043466
1 0.718705 0.450053 0.011227 0.040990
2 0.728726 0.400297 0.014813 0.040215
1 0.715176 0.399480 0.012057 0.038174
2 0.699674 0.362939 0.013435 0.038582
1 0.843551 0.366826 0.009821 0.038442
2 0.738419 0.336271 0.010322 0.033193
1 0.640851 0.407096 0.011635 0.038241
2 0.648225 0.361399 0.006629 0.035836
1 0.604527 0.346487 0.008794 0.034874
2 0.640815 0.289187 0.009610 0.031573
4 0.619954 0.274482 0.011678 0.031141
0 0.667321 0.379619 0.004406 0.007997