1 0.270895 0.648601 0.017247 0.048572
2 0.221886 0.656949 0.013490 0.048269
1 0.229229 0.709771 0.019638 0.047054
2 0.382231 0.597145 0.016564 0.048269
1 0.188844 0.447026 0.012295 0.039465
2 0.152301 0.397846 0.010929 0.031572
4 0.178854 0.551608 0.012124 0.044019
2 0.104060 0.587885 0.009733 0.044322
1 0.137700 0.613082 0.013832 0.053429
2 0.320454 0.487559 0.010505 0.040409
1 0.347848 0.464698 0.009871 0.038799
2 0.465488 0.461873 0.010718 0.040830
1 0.383998 0.341198 0.008336 0.031757
2 0.682356 0.434864 0.010264 0.038864
1 0.454298 0.627727 0.013171 0.052258
4 0.436165 0.711714 0.018897 0.048526
1 0.195909 0.333883 0.009510 0.033136
4 0.093269 0.270993 0.007608 0.028176
1 0.042030 0.396393 0.010297 0.036612
2 0.008226 0.519114 0.012329 0.039261
1 0.014187 0.624854 0.014497 0.047451