1 0.623905 0.565199 0.018123 0.048452
2 0.610067 0.606284 0.013487 0.050700
1 0.656497 0.530484 0.009132 0.041959
2 0.730358 0.681229 0.011976 0.053225
1 0.739901 0.677348 0.011851 0.056108
2 0.757054 0.740552 0.014969 0.053890
1 0.745016 0.761510 0.018338 0.058991
2 0.858659 0.666703 0.013847 0.053890
1 0.907060 0.660826 0.010853 0.050563
2 0.953153 0.624345 0.011976 0.048124
1 0.943361 0.723587 0.013348 0.055442
2 0.872131 0.490951 0.011851 0.044354
1 0.937872 0.419098 0.010603 0.039475
2 0.399995 0.484448 0.012336 0.039969
4 0.827598 0.597580 0.010150 0.048722
2 0.816369 0.587824 0.015226 0.049962
4 0.732908 0.301453 0.006153 0.028936