2 0.392675 0.389789 0.008472 0.034139
4 0.675072 0.212568 0.006966 0.025771
2 0.679308 0.309797 0.009413 0.034139
1 0.672248 0.326364 0.008095 0.032465
2 0.655399 0.376401 0.011296 0.037486
1 0.654269 0.412213 0.010166 0.040833
2 0.638926 0.442168 0.011861 0.045853
1 0.630265 0.501074 0.012990 0.043175
2 0.643067 0.499568 0.008095 0.042171
1 0.702465 0.451539 0.010543 0.045853
2 0.692016 0.394809 0.010355 0.038155
1 0.748402 0.401001 0.009037 0.041167
2 0.827849 0.388617 0.016191 0.042506
1 0.862831 0.551981 0.013245 0.048037
2 0.869719 0.456378 0.015894 0.044269
4 0.875679 0.374198 0.009272 0.040972
2 0.932105 0.330165 0.012980 0.040501
1 0.973563 0.331106 0.010066 0.040501
2 0.915548 0.281893 0.010066 0.035321
1 0.881110 0.256226 0.011126 0.034850