0 0.572637 0.456048 0.004596 0.008038
2 0.552974 0.403245 0.008642 0.037731
1 0.420259 0.384039 0.008821 0.035538
2 0.605191 0.547483 0.015420 0.052912
1 0.689152 0.465185 0.010768 0.045776
2 0.694204 0.350329 0.009518 0.035472
4 0.738602 0.282956 0.004994 0.026961
2 0.770147 0.464606 0.010704 0.050469
1 0.713416 0.559174 0.013403 0.054937
2 0.794705 0.668245 0.016518 0.067243
1 0.926883 0.532391 0.013186 0.063593
2 0.922010 0.456062 0.012069 0.048294
1 0.850209 0.414226 0.012056 0.045996
2 0.908509 0.346834 0.014205 0.033545
1 0.988841 0.304172 0.011661 0.030769