2 0.442781 0.462789 0.007333 0.045630
1 0.741441 0.579334 0.009131 0.049044
2 0.769636 0.508315 0.010831 0.043259
1 0.760407 0.481418 0.012774 0.046454
2 0.749916 0.448262 0.008597 0.037992
1 0.788346 0.416385 0.007186 0.041647
2 0.791700 0.408294 0.009102 0.036707
1 0.771148 0.362943 0.008911 0.038666
2 0.659322 0.480010 0.007102 0.042237
1 0.969654 0.522128 0.009796 0.046294
2 0.987907 0.487569 0.016123 0.043806
1 0.878567 0.436060 0.016719 0.042894
2 0.869162 0.407408 0.007409 0.036702
1 0.866788 0.398682 0.007093 0.034788
2 0.896803 0.357369 0.010973 0.034366
4 0.821270 0.304860 0.008269 0.027939