2 0.343686 0.409459 0.008991 0.042624
1 0.515825 0.526341 0.013112 0.045954
2 0.564526 0.522345 0.015360 0.040626
1 0.569021 0.597936 0.012363 0.046620
2 0.499903 0.633234 0.009740 0.054612
1 0.507958 0.752447 0.013112 0.059940
2 0.598804 0.668531 0.011239 0.053280
1 0.612103 0.697169 0.013112 0.053280
2 0.656121 0.632568 0.016483 0.053280
4 0.623903 0.558642 0.013486 0.047952
2 0.646006 0.503698 0.014236 0.044622
1 0.573329 0.449419 0.011239 0.042624
2 0.618846 0.380155 0.007118 0.037296
1 0.656683 0.433435 0.007867 0.038628
2 0.700139 0.305564 0.007867 0.034632
4 0.658744 0.277029 0.006483 0.031601
2 0.794781 0.436895 0.010456 0.040524
1 0.832842 0.591927 0.012966 0.045729
2 0.843926 0.575197 0.012548 0.046473
1 0.828450 0.722236 0.015894 0.062459
0 0.820294 0.734691 0.005019 0.010038
1 0.960573 0.389473 0.010248 0.041121