1 0.755932 0.612420 0.014596 0.059055
2 0.886900 0.459662 0.012159 0.047704
1 0.867195 0.430593 0.013836 0.043232
2 0.886272 0.403014 0.012578 0.041741
4 0.748751 0.386989 0.011740 0.036523
1 0.699906 0.411958 0.010482 0.043232
2 0.896544 0.383262 0.012159 0.042486
1 0.658398 0.418667 0.010482 0.040250
1 0.503638 0.466349 0.011222 0.040206
2 0.562175 0.378417 0.010901 0.034287
1 0.626323 0.370590 0.008385 0.033542
2 0.665316 0.334813 0.008385 0.029069
1 0.391932 0.418169 0.008684 0.031718
2 0.782345 0.343629 0.007195 0.031517
1 0.790258 0.324377 0.007547 0.027579
2 0.774955 0.324005 0.009643 0.022361
2 0.523058 0.473284 0.012778 0.037320
4 0.629996 0.324517 0.007449 0.026169
2 0.729311 0.333575 0.008582 0.024156
1 0.745729 0.330821 0.009237 0.030089
2 0.777303 0.343238 0.005861 0.032298
1 0.896295 0.342155 0.008984 0.035989
4 0.875935 0.898772 0.023327 0.092367
2 0.779857 0.326266 0.008729 0.024256