4 0.212903 0.458433 0.005071 0.024342
4 0.525542 0.570675 0.008114 0.036062
2 0.385957 0.624317 0.008875 0.048683
1 0.471153 0.559181 0.006846 0.035611
2 0.491221 0.516017 0.008650 0.029473
1 0.526944 0.552746 0.008197 0.035870
2 0.553952 0.517063 0.007987 0.028771
1 0.584007 0.540229 0.010088 0.028771
2 0.598930 0.536119 0.007566 0.029518
1 0.593780 0.648213 0.009458 0.048200
2 0.605340 0.622991 0.012400 0.043343
1 0.643592 0.591231 0.012821 0.033628
0 0.648851 0.602116 0.003640 0.006830
1 0.640434 0.574018 0.009598 0.031598
2 0.649943 0.556007 0.009776 0.034758
1 0.655986 0.565328 0.009420 0.033178
2 0.669494 0.584919 0.008709 0.035706
1 0.727704 0.617307 0.009953 0.040446
2 0.745211 0.605142 0.011198 0.035074
1 0.661763 0.524251 0.008887 0.028754
2 0.785214 0.645784 0.012243 0.043008
1 0.791631 0.610643 0.012981 0.037238
4 0.825337 0.656142 0.014309 0.040647
1 0.246358 0.542985 0.010473 0.035140
2 0.319819 0.552426 0.007818 0.037238