4 0.644219 0.519225 0.011925 0.059359
2 0.008043 0.545615 0.015963 0.064705
1 0.046249 0.395581 0.016602 0.056002
4 0.097758 0.460665 0.016602 0.059786
1 0.044653 0.319713 0.016815 0.048056
2 0.043589 0.241386 0.010855 0.038218
1 0.069769 0.206574 0.012558 0.035191
0 0.053881 0.338856 0.004789 0.008513
1 0.194055 0.463621 0.016693 0.055448
2 0.188491 0.291811 0.009079 0.042953
1 0.255629 0.296887 0.011568 0.041651
2 0.254311 0.265259 0.007761 0.040870
1 0.253286 0.189636 0.007761 0.031238
2 0.307025 0.264738 0.010396 0.040870
1 0.362815 0.291941 0.010689 0.044775
2 0.394672 0.389906 0.010189 0.047283
1 0.642820 0.212632 0.009653 0.034479