4 0.959858 0.739632 0.010191 0.050843
1 0.765087 0.691711 0.021038 0.048505
0 0.847127 0.559712 0.004379 0.009158
1 0.867990 0.541854 0.010045 0.042126
2 0.801151 0.412499 0.008242 0.033426
1 0.686664 0.357094 0.008500 0.034342
2 0.685376 0.433104 0.010560 0.039837
1 0.698254 0.546204 0.009015 0.042584
2 0.686277 0.540252 0.012363 0.042584
1 0.662581 0.622902 0.011333 0.047621
2 0.626522 0.662967 0.013393 0.048079
1 0.574236 0.633891 0.012878 0.051284
2 0.500444 0.631144 0.013651 0.045789
4 0.547063 0.550096 0.009015 0.042126
2 0.494906 0.584209 0.014424 0.047163
2 0.501088 0.491126 0.008318 0.042071
1 0.496928 0.490106 0.008605 0.043600
2 0.585061 0.421391 0.008175 0.036716
1 0.500155 0.437964 0.007888 0.037226
2 0.511844 0.378810 0.006884 0.031617
1 0.525756 0.326031 0.006884 0.030087
4 0.518011 0.298239 0.006024 0.027537
1 0.306450 0.432296 0.008975 0.038154
2 0.565596 0.456908 0.010721 0.039177
1 0.565979 0.482665 0.007514 0.036706