4 0.444378 0.537264 0.008425 0.038277
4 0.487561 0.317381 0.007916 0.025294
2 0.420689 0.385467 0.008611 0.029961
1 0.404820 0.429753 0.007873 0.031930
2 0.390119 0.459933 0.013655 0.033679
1 0.375726 0.451842 0.007750 0.030617
2 0.366193 0.463542 0.009349 0.031711
1 0.386244 0.502360 0.015254 0.033242
2 0.360595 0.487161 0.009472 0.033898
1 0.344542 0.492956 0.013778 0.030180
2 0.350456 0.561944 0.012234 0.039201
1 0.337996 0.559259 0.013895 0.038664
2 0.304324 0.571007 0.011626 0.036640
1 0.294988 0.475961 0.011626 0.033822
2 0.447270 0.478938 0.012297 0.034700
0 0.358704 0.573287 0.003913 0.006421
2 0.233529 0.661697 0.009271 0.047232
1 0.585384 0.487257 0.012692 0.042095
2 0.615408 0.476312 0.014018 0.042432
1 0.628857 0.433207 0.007956 0.033676
2 0.603252 0.399207 0.007700 0.031316
1 0.569974 0.377455 0.006329 0.030941
2 0.814000 0.479616 0.011573 0.041874
1 0.782550 0.418378 0.011028 0.036065
4 0.854566 0.783100 0.014359 0.058554