2 0.286612 0.474045 0.007887 0.035053
0 0.308231 0.509223 0.003803 0.006760
4 0.670889 0.307918 0.008873 0.027792
1 0.642510 0.406442 0.010704 0.034552
2 0.632229 0.426473 0.008450 0.035554
1 0.606808 0.451135 0.010281 0.038809
2 0.630962 0.499458 0.012957 0.040311
1 0.616244 0.530004 0.011971 0.043316
2 0.608005 0.561427 0.013802 0.043566
1 0.596104 0.554542 0.011971 0.040812
2 0.576528 0.525247 0.011126 0.044317
1 0.568148 0.511977 0.010422 0.037307
2 0.577302 0.474045 0.012112 0.039560
1 0.682356 0.516223 0.011255 0.042061
2 0.748855 0.493559 0.011945 0.040836
4 0.799849 0.484167 0.013782 0.042470
2 0.833041 0.593811 0.014012 0.045328
1 0.827872 0.620355 0.020673 0.048595
2 0.831433 0.491109 0.014012 0.043286
1 0.799274 0.366763 0.007580 0.035527
2 0.879096 0.403719 0.007350 0.036752
1 0.892878 0.491517 0.009648 0.042470
2 0.948581 0.487433 0.010796 0.044103
1 0.938474 0.546850 0.012634 0.047778
4 0.962428 0.796246 0.014912 0.056847