4 0.594251 0.754873 0.017026 0.055288
4 0.235510 0.546298 0.013500 0.040286
2 0.055199 0.929733 0.012636 0.068996
1 0.054066 0.753042 0.017461 0.056730
2 0.102124 0.757820 0.014246 0.052133
1 0.040904 0.539478 0.012826 0.043725
2 0.138560 0.452149 0.011471 0.038459
1 0.232958 0.784870 0.013888 0.051869
2 0.364397 0.668817 0.022422 0.035507
1 0.362402 0.691319 0.022201 0.041405
2 0.387831 0.605470 0.018391 0.042543
1 0.440875 0.549549 0.012209 0.036465
2 0.395324 0.515028 0.014646 0.038719
1 0.381350 0.476112 0.013437 0.038432
2 0.304145 0.431953 0.013657 0.036034
1 0.208806 0.440665 0.006103 0.038609
2 0.277139 0.517291 0.013930 0.041315
1 0.273541 0.630174 0.016291 0.047914
2 0.625611 0.425804 0.012519 0.037762
0 0.367421 0.701828 0.008721 0.012333