4 0.530643 0.417868 0.009697 0.033629
4 0.473973 0.310621 0.006994 0.025999
0 0.443913 0.359298 0.004256 0.007757
4 0.862384 0.784974 0.012995 0.055657
1 0.893070 0.437115 0.010810 0.042633
2 0.827339 0.367422 0.012798 0.036227
1 0.800500 0.366869 0.008822 0.037774
2 0.668124 0.349992 0.006220 0.033531
1 0.645651 0.341609 0.009029 0.029251
2 0.645450 0.401626 0.008427 0.034066
1 0.545151 0.467221 0.009218 0.036664
2 0.540542 0.491941 0.009218 0.039164
1 0.526663 0.380830 0.008178 0.032127
2 0.497890 0.386125 0.008985 0.031589
1 0.470503 0.357415 0.008722 0.030810
2 0.463819 0.381278 0.006683 0.030609
1 0.452209 0.375237 0.009062 0.028192
2 0.436464 0.343621 0.012913 0.028595
1 0.451869 0.328719 0.009062 0.025373
2 0.395799 0.412793 0.013593 0.027186
1 0.385208 0.453370 0.009402 0.034234
2 0.396478 0.502908 0.012007 0.037456
1 0.369010 0.452363 0.010308 0.035845
2 0.366631 0.480757 0.013026 0.035039
1 0.310617 0.455887 0.009742 0.037254