2 0.415411 0.455116 0.011625 0.039516
1 0.807463 0.518551 0.011185 0.045871
2 0.750646 0.502055 0.009660 0.047227
1 0.758019 0.459461 0.012711 0.044742
2 0.726115 0.446806 0.011440 0.041578
4 0.916466 0.428307 0.009516 0.041828
2 0.864233 0.438718 0.009202 0.042944
1 0.898584 0.477944 0.011189 0.044803
2 0.848024 0.407672 0.010039 0.039969
1 0.830979 0.405162 0.012339 0.040155
2 0.735279 0.426053 0.009304 0.040469
1 0.752532 0.400278 0.012376 0.039345
4 0.763543 0.302600 0.007283 0.031973
1 0.792592 0.370204 0.009443 0.038259
2 0.882086 0.371655 0.011382 0.038445
1 0.973304 0.394309 0.011235 0.041657
2 0.951863 0.378787 0.012262 0.041201
1 0.945747 0.330412 0.013684 0.036884