1 0.670122 0.333623 0.011389 0.042313
4 0.682096 0.660053 0.015186 0.053475
1 0.384275 0.563294 0.012362 0.056924
2 0.446151 0.421938 0.009503 0.047348
1 0.482224 0.364031 0.011879 0.040012
2 0.469220 0.307236 0.018130 0.038456
1 0.459592 0.297567 0.010878 0.036455
2 0.436148 0.283007 0.011003 0.041123
1 0.402388 0.246663 0.009503 0.034677
2 0.381506 0.265224 0.009753 0.041568
1 0.368377 0.299790 0.009003 0.039567
2 0.358874 0.294677 0.010003 0.042680
1 0.313548 0.170418 0.007627 0.033788
2 0.309109 0.212541 0.009503 0.036233
1 0.316987 0.254776 0.017755 0.037567
0 0.281664 0.267780 0.004626 0.007113
4 0.282664 0.213097 0.010628 0.034677
2 0.280226 0.249664 0.011754 0.035789
1 0.269160 0.272115 0.011378 0.041123
2 0.199619 0.193368 0.008718 0.036706
1 0.193884 0.242174 0.009176 0.039153
2 0.136225 0.266916 0.011624 0.044047
1 0.185625 0.330404 0.014376 0.045407
4 0.025514 0.139933 0.007073 0.034354
1 0.025198 0.240974 0.009978 0.044683