4 0.830891 0.885690 0.023742 0.086914
4 0.705878 0.418237 0.010026 0.039248
0 0.564143 0.445814 0.004502 0.007170
2 0.348782 0.428185 0.007709 0.033139
1 0.486267 0.457587 0.011542 0.038325
2 0.516375 0.426699 0.008977 0.036262
1 0.540650 0.448576 0.007573 0.040062
2 0.550177 0.402325 0.008916 0.035936
1 0.591889 0.383163 0.008916 0.030617
2 0.613019 0.430499 0.011970 0.027360
1 0.627981 0.442442 0.007206 0.035828
2 0.672013 0.414811 0.011848 0.036588
1 0.663249 0.379363 0.007267 0.035394
2 0.637661 0.361123 0.008611 0.027142
4 0.634397 0.321569 0.005934 0.024652
2 0.711256 0.370539 0.010743 0.032425
1 0.741269 0.397023 0.012805 0.036977
2 0.757353 0.389805 0.007745 0.040975
1 0.785054 0.394414 0.006184 0.035534
2 0.786366 0.434389 0.011181 0.042863
1 0.837366 0.449102 0.009744 0.042752
2 0.866192 0.404852 0.013179 0.038643
1 0.854330 0.333304 0.009177 0.031585
2 0.787892 0.539476 0.011734 0.050249
1 0.524137 0.516337 0.011741 0.044165