4 0.875840 0.816691 0.015776 0.057680
1 0.810427 0.486520 0.008177 0.043405
2 0.422966 0.642455 0.006308 0.046585
1 0.445289 0.531806 0.014170 0.027386
2 0.460360 0.470844 0.005782 0.040738
1 0.358729 0.509128 0.011960 0.042969
2 0.295457 0.455277 0.008979 0.039170
1 0.436328 0.365747 0.008468 0.032413
2 0.285433 0.383553 0.009196 0.034095
4 0.277122 0.447424 0.011104 0.039011
2 0.219762 0.426678 0.011203 0.036795
1 0.245549 0.527172 0.008812 0.042483
2 0.178950 0.622780 0.009557 0.046644
0 0.169863 0.500149 0.004093 0.007723
2 0.171821 0.485604 0.007462 0.044496
1 0.123768 0.451342 0.013054 0.036469
4 0.034285 0.319528 0.007349 0.030158
1 0.040024 0.397636 0.012465 0.034022
2 0.074652 0.427442 0.008524 0.035585
1 0.066304 0.491999 0.009977 0.045202
2 0.032945 0.543169 0.010965 0.042275