4 0.014841 0.271575 0.008817 0.028032
1 0.141250 0.334337 0.010880 0.032922
2 0.193719 0.319934 0.009182 0.029904
1 0.239436 0.311292 0.005401 0.030727
2 0.271573 0.340990 0.007947 0.031687
1 0.277283 0.333720 0.009028 0.031413
2 0.293024 0.379673 0.006559 0.034979
4 0.267021 0.398123 0.008256 0.034568
2 0.332491 0.377615 0.008179 0.031138
1 0.335577 0.351895 0.007253 0.030452
2 0.348232 0.363898 0.005864 0.031687
1 0.344837 0.333171 0.007870 0.031413
2 0.351858 0.321512 0.005093 0.031687
1 0.343641 0.316025 0.004861 0.021536
2 0.322923 0.420345 0.006173 0.035116
1 0.227785 0.405119 0.006944 0.033745
2 0.201666 0.378987 0.005787 0.033882
1 0.192060 0.375078 0.008333 0.035665
2 0.135463 0.399426 0.009182 0.035528
1 0.159344 0.439824 0.008796 0.036214
2 0.171728 0.459096 0.011188 0.038271
1 0.148465 0.495653 0.008642 0.039506
4 0.277171 0.716682 0.009733 0.049315
1 0.610294 0.393320 0.008273 0.038501