4 0.518360 0.664735 0.012240 0.051065
2 0.427455 0.618748 0.010935 0.047873
1 0.366253 0.572615 0.012893 0.043811
2 0.483434 0.479625 0.009303 0.032496
1 0.285548 0.487894 0.010119 0.036848
2 0.277551 0.506608 0.009139 0.038299
2 0.273226 0.521696 0.009955 0.040620
1 0.205007 0.475563 0.007671 0.035397
2 0.184272 0.522984 0.007846 0.040528
1 0.181385 0.491535 0.012139 0.036580
2 0.165398 0.460745 0.007698 0.036580
1 0.147190 0.518642 0.010362 0.038686
2 0.137716 0.465350 0.007994 0.031580
1 0.156146 0.442455 0.008438 0.028948
2 0.117806 0.431665 0.006661 0.028422
1 0.105297 0.534958 0.011250 0.046054
4 0.085609 0.489430 0.013619 0.036054
1 0.074951 0.486272 0.009770 0.036054
2 0.060666 0.482456 0.009918 0.036843