4 0.802318 0.609596 0.013374 0.048145
4 0.374356 0.525682 0.009551 0.038895
4 0.009296 0.489257 0.006646 0.029832
0 0.534420 0.505850 0.002995 0.005546
2 0.146153 0.548643 0.007618 0.053116
1 0.181755 0.513303 0.009920 0.036104
2 0.207557 0.539343 0.006541 0.047197
1 0.231662 0.608746 0.008338 0.064740
2 0.334840 0.494351 0.005994 0.025132
1 0.391158 0.519161 0.007077 0.037296
2 0.397720 0.502497 0.004972 0.029710
1 0.424429 0.559333 0.013139 0.045314
2 0.451629 0.524398 0.008580 0.039560
1 0.468405 0.557633 0.011580 0.047745
1 0.516493 0.518479 0.008308 0.029539
2 0.524419 0.523823 0.015195 0.034397
1 0.537893 0.531026 0.013488 0.041051
2 0.607325 0.518021 0.007623 0.032074
1 0.591776 0.550388 0.007572 0.044588
2 0.601053 0.559743 0.007067 0.044939
1 0.609353 0.569476 0.010249 0.048942
2 0.599576 0.594358 0.008620 0.052000
1 0.494022 0.539638 0.007180 0.041545
1 0.375087 0.517147 0.008884 0.037364