4 0.747101 0.665828 0.010872 0.046747
1 0.343648 0.516577 0.008868 0.035890
2 0.336101 0.548442 0.009622 0.036561
1 0.319781 0.551293 0.009056 0.040250
2 0.291008 0.496284 0.009245 0.032871
1 0.257424 0.515738 0.008113 0.034213
2 0.243651 0.498464 0.008490 0.031194
1 0.245349 0.581145 0.013773 0.040250
2 0.204502 0.482364 0.010566 0.029852
1 0.193653 0.493769 0.009245 0.029852
4 0.198841 0.551964 0.009056 0.038238
1 0.184597 0.541566 0.008868 0.038909
2 0.164126 0.512384 0.009434 0.035554
1 0.163560 0.590034 0.009434 0.045281
2 0.202162 0.543737 0.007430 0.038982
1 0.109319 0.548261 0.007941 0.041151
2 0.110079 0.520176 0.009124 0.030638
1 0.122751 0.522129 0.010137 0.036345
2 0.123765 0.495246 0.008110 0.026432
1 0.127735 0.492843 0.006927 0.028835
2 0.132973 0.488037 0.008279 0.031238
4 0.136521 0.458450 0.006589 0.024330
2 0.536716 0.499014 0.011300 0.029018
1 0.484400 0.496037 0.007952 0.029018