2 0.473429 0.503856 0.007274 0.030418
1 0.726652 0.489740 0.005123 0.029872
2 0.737666 0.487919 0.005430 0.027686
1 0.754725 0.494294 0.005943 0.028050
2 0.765330 0.478265 0.007070 0.027322
1 0.738537 0.524530 0.006967 0.032786
2 0.749654 0.551761 0.008709 0.037340
1 0.722810 0.522071 0.006455 0.031511
2 0.813382 0.490013 0.006865 0.027868
4 0.832746 0.506224 0.006865 0.030783
2 0.887151 0.504494 0.007274 0.028415
1 0.858412 0.490469 0.006352 0.029508
2 0.932898 0.512326 0.007787 0.033515
1 0.956463 0.556223 0.009426 0.036065
2 0.979977 0.522344 0.011373 0.031693
1 0.965582 0.502946 0.008606 0.030418
2 0.988071 0.492472 0.010553 0.030601
4 0.733824 0.464786 0.005738 0.020400
1 0.853969 0.488014 0.004660 0.026450