2 0.385448 0.462869 0.010325 0.038381
1 0.612257 0.728952 0.014309 0.056862
2 0.633090 0.663860 0.012205 0.052373
1 0.786071 0.630565 0.009259 0.053122
4 0.745669 0.514596 0.010942 0.047136
1 0.827947 0.567717 0.013047 0.048632
2 0.940526 0.592782 0.014309 0.053870
1 0.805697 0.505010 0.009374 0.047217
2 0.824779 0.395697 0.010044 0.039678
1 0.686067 0.409783 0.009820 0.037694
2 0.691424 0.449262 0.007588 0.042852
1 0.682608 0.457992 0.013615 0.042059
2 0.662632 0.483187 0.011606 0.042456
1 0.664194 0.504018 0.015177 0.040472
4 0.729021 0.293067 0.009702 0.029206
1 0.765694 0.341131 0.007503 0.032886
1 0.909462 0.309133 0.010338 0.034252
2 0.911445 0.438505 0.011647 0.041899