2 0.419978 0.503190 0.006326 0.031606
4 0.622863 0.458335 0.005581 0.017639
2 0.583331 0.513181 0.010697 0.028939
1 0.583486 0.498092 0.009767 0.029076
2 0.566123 0.520347 0.009457 0.029214
1 0.539032 0.577190 0.008139 0.042305
2 0.574146 0.638926 0.011395 0.045888
4 0.667292 0.520415 0.007502 0.034316
2 0.678461 0.522812 0.009609 0.030720
1 0.690550 0.481293 0.006571 0.018775
2 0.702063 0.470862 0.005646 0.021269
1 0.709343 0.518884 0.007572 0.031058
2 0.712424 0.497862 0.006291 0.031394
1 0.687754 0.477516 0.005002 0.016303
2 0.725126 0.465902 0.005831 0.023216
0 0.781138 0.502130 0.004416 0.006624
1 0.786107 0.485385 0.006624 0.024167
2 0.796699 0.481398 0.008902 0.025026
1 0.808636 0.512005 0.007659 0.030546
2 0.763818 0.557946 0.007866 0.037538
1 0.773134 0.581439 0.010351 0.032999
2 0.885500 0.601441 0.013159 0.044561
1 0.962388 0.551866 0.010778 0.042110
1 0.759771 0.500658 0.010302 0.030423