1 0.276137 0.446545 0.007907 0.043175
0 0.333464 0.471982 0.005083 0.008367
4 0.564559 0.319194 0.009413 0.028114
2 0.539237 0.443533 0.009602 0.037820
1 0.593364 0.413243 0.013555 0.040833
2 0.619156 0.371407 0.008284 0.034139
1 0.601082 0.448219 0.012049 0.039159
2 0.582256 0.497419 0.011672 0.043845
1 0.632429 0.421109 0.007342 0.037151
4 0.663681 0.459431 0.011484 0.042841
1 0.669423 0.422447 0.012802 0.036482
2 0.689473 0.444202 0.014120 0.031796
1 0.694368 0.469304 0.012614 0.041837
2 0.745236 0.359867 0.014609 0.036117
1 0.814400 0.355200 0.009131 0.038957
2 0.853548 0.384012 0.009815 0.035711
1 0.883450 0.419723 0.010728 0.042204
2 0.891440 0.521783 0.010728 0.049914
1 0.839281 0.516710 0.014609 0.042204
2 0.858570 0.417085 0.012555 0.036928
1 0.812232 0.406737 0.010272 0.037334
2 0.781872 0.418709 0.014837 0.040986
1 0.728458 0.548972 0.014837 0.046668
2 0.806069 0.594422 0.013468 0.045856