2 0.395779 0.467840 0.021140 0.059834
2 0.330691 0.250263 0.012239 0.046977
2 0.270471 0.203286 0.011404 0.039065
2 0.229304 0.416660 0.018080 0.058350
1 0.143077 0.326910 0.014186 0.050933
2 0.159766 0.291553 0.014742 0.050438
2 0.018603 0.280674 0.016689 0.048460
1 0.034180 0.342981 0.017802 0.050438
1 0.016517 0.361524 0.016411 0.032142
2 0.592572 0.205017 0.009735 0.037582
4 0.571020 0.561365 0.010278 0.065638
2 0.408184 0.360945 0.008346 0.045962
1 0.355675 0.291985 0.008303 0.046960
2 0.319947 0.247914 0.007210 0.040632
1 0.227502 0.192786 0.008880 0.035309
2 0.125388 0.236912 0.008929 0.038664
4 0.021473 0.337694 0.015085 0.046104