2 0.404790 0.460132 0.012081 0.039375
1 0.615300 0.649812 0.012630 0.058023
2 0.651699 0.632532 0.013907 0.065339
1 0.687813 0.565931 0.009791 0.059285
2 0.754225 0.473976 0.011211 0.046923
1 0.704104 0.419052 0.008949 0.039009
2 0.801483 0.363205 0.008068 0.031375
4 0.767043 0.317218 0.006354 0.026893
2 0.904297 0.522665 0.010615 0.051659
1 0.943488 0.505509 0.017156 0.050515
4 0.950886 0.575944 0.018443 0.057568
1 0.974374 0.716499 0.024753 0.077179
2 0.992899 0.832944 0.014201 0.072440
1 0.786481 0.795828 0.024828 0.072970
2 0.992853 0.387942 0.014294 0.040233