1 0.601231 0.483226 0.011851 0.035113
2 0.467690 0.435314 0.011851 0.043041
1 0.477796 0.470200 0.010717 0.042695
2 0.417443 0.478475 0.015802 0.043112
1 0.392410 0.522422 0.010483 0.046728
2 0.391157 0.507771 0.014100 0.045204
1 0.467201 0.568959 0.014575 0.048725
2 0.147836 0.335293 0.013222 0.037672
1 0.158793 0.398081 0.014671 0.042502
2 0.179395 0.350024 0.013855 0.019802
4 0.188768 0.359523 0.012135 0.042985
2 0.194111 0.348092 0.009056 0.039765
1 0.191983 0.336662 0.007879 0.030750
2 0.412227 0.375015 0.009575 0.037578
1 0.379076 0.399826 0.011924 0.039666
2 0.204934 0.505570 0.015935 0.049574
1 0.228551 0.477832 0.013279 0.047045
2 0.291266 0.463915 0.011888 0.044079
4 0.670694 0.772160 0.014937 0.059857
2 0.283037 0.368615 0.013167 0.042445
1 0.285496 0.342951 0.007139 0.034831