2 0.964057 0.746599 0.015288 0.060949
1 0.993004 0.484987 0.009665 0.044578
4 0.963632 0.373154 0.006257 0.038260
1 0.911678 0.350148 0.009007 0.041462
2 0.873660 0.329670 0.009670 0.037248
1 0.868185 0.299753 0.009054 0.037417
2 0.753019 0.331734 0.011946 0.036659
1 0.729531 0.327352 0.009054 0.034467
0 0.727090 0.351875 0.004077 0.007500
1 0.695780 0.370500 0.012751 0.037670
2 0.607371 0.522808 0.014539 0.053746
1 0.588305 0.362387 0.011157 0.043990
2 0.426673 0.301735 0.005951 0.040640
1 0.779687 0.443880 0.009750 0.047398
2 0.866722 0.544453 0.016911 0.045831
1 0.872879 0.429623 0.012408 0.037986
2 0.758191 0.255436 0.008238 0.037986
4 0.692776 0.189852 0.006436 0.030389