2 0.041236 0.778648 0.019580 0.067878
1 0.099520 0.507428 0.012799 0.050468
2 0.075609 0.629600 0.012244 0.044371
1 0.180860 0.438721 0.011773 0.030976
2 0.170264 0.586904 0.012244 0.042697
1 0.329671 0.498998 0.009889 0.035999
1 0.379588 0.561788 0.018366 0.042697
4 0.265371 0.566185 0.010412 0.038654
0 0.107199 0.520181 0.005819 0.009800
1 0.258787 0.559380 0.008268 0.038110
2 0.263382 0.740868 0.015733 0.055940
1 0.439832 0.762968 0.021935 0.052697
2 0.636352 0.509877 0.010792 0.041291
1 0.010699 0.571870 0.009566 0.043381
2 0.234383 0.498161 0.007339 0.034493
1 0.275673 0.522440 0.009342 0.035999
2 0.337882 0.535571 0.009366 0.038201
1 0.355117 0.590671 0.014092 0.041860
2 0.241022 0.615938 0.009749 0.043886
4 0.062208 0.381529 0.008940 0.029381
2 0.214620 0.728278 0.012716 0.047541
1 0.259811 0.656026 0.010861 0.052211
2 0.388416 0.673431 0.010927 0.046415
1 0.363367 0.775940 0.015550 0.051239
4 0.427220 0.821035 0.014028 0.049563