2 0.420404 0.498278 0.006269 0.027783
1 0.576995 0.505498 0.009536 0.027783
2 0.625071 0.490822 0.005033 0.020092
1 0.606482 0.488319 0.012884 0.025389
2 0.625109 0.546686 0.010400 0.036151
1 0.647074 0.546686 0.009314 0.035047
4 0.710098 0.514536 0.009935 0.033116
1 0.663684 0.471623 0.009314 0.024009
2 0.735012 0.500186 0.009469 0.028148
1 0.675947 0.486801 0.005588 0.028424
2 0.749759 0.471347 0.006364 0.024009
1 0.762433 0.487095 0.005676 0.027594
2 0.794577 0.503775 0.007413 0.026359
1 0.852958 0.504187 0.008340 0.029654
2 0.869812 0.493067 0.010773 0.030889
1 0.887013 0.522309 0.005560 0.032949
2 0.878384 0.561641 0.012394 0.037891
1 0.911397 0.520661 0.007761 0.036243
2 0.831760 0.481741 0.007645 0.026771
4 0.620664 0.458727 0.005523 0.017392
1 0.576203 0.489634 0.007156 0.022551
1 0.611960 0.478143 0.006025 0.023385