2 0.486362 0.407296 0.007540 0.034121
4 0.709828 0.339868 0.005842 0.023527
2 0.729142 0.380245 0.007034 0.030521
1 0.757219 0.411508 0.008823 0.032005
2 0.762465 0.449978 0.009300 0.041967
1 0.867463 0.362931 0.010556 0.030198
0 0.884328 0.362500 0.002548 0.004314
1 0.864066 0.353009 0.010556 0.027610
2 0.898464 0.387952 0.009221 0.032787
1 0.891184 0.338233 0.008251 0.020923
4 0.941779 0.381697 0.008736 0.031492
1 0.937168 0.371775 0.008736 0.029335
2 0.954580 0.345783 0.010556 0.025668
1 0.976055 0.371236 0.011769 0.028257
2 0.952638 0.467438 0.011284 0.045944