1 0.376550 0.419979 0.008674 0.035932
2 0.610948 0.471186 0.012237 0.044644
1 0.660397 0.463312 0.013059 0.045781
2 0.652087 0.414852 0.009041 0.031332
1 0.582777 0.418262 0.008675 0.034254
2 0.576978 0.405031 0.005479 0.032469
1 0.643027 0.409387 0.006875 0.035046
2 0.601944 0.377065 0.009525 0.029597
1 0.642985 0.360058 0.008448 0.025916
4 0.593785 0.342388 0.005301 0.020615
1 0.646464 0.408945 0.005632 0.033573
2 0.769821 0.508351 0.011380 0.046874
1 0.747398 0.514360 0.009578 0.047675
2 0.837315 0.433633 0.009578 0.039662
1 0.768413 0.421314 0.009465 0.038260
4 0.748074 0.451662 0.009803 0.041666
1 0.889316 0.381751 0.012620 0.037659
2 0.961091 0.452463 0.008563 0.039662
1 0.981260 0.429927 0.009465 0.041866
2 0.983409 0.553369 0.014982 0.058176
1 0.946348 0.563532 0.016559 0.056073
2 0.915989 0.578251 0.021027 0.053737