4 0.609834 0.690843 0.016813 0.062730
1 0.611045 0.408211 0.008619 0.039031
2 0.418003 0.401706 0.008294 0.035273
1 0.410746 0.450438 0.012870 0.041909
2 0.400552 0.414646 0.008283 0.035113
1 0.390931 0.398109 0.008920 0.036019
2 0.353723 0.435827 0.008155 0.041229
1 0.356272 0.388368 0.009684 0.036472
2 0.345950 0.358805 0.005862 0.030809
1 0.324798 0.333887 0.006626 0.028996
2 0.300651 0.326637 0.010067 0.028543
4 0.307022 0.393578 0.010831 0.036925
2 0.256753 0.377268 0.009939 0.035113
1 0.279880 0.453156 0.009812 0.039643
2 0.218079 0.345553 0.007773 0.027864
1 0.187179 0.324485 0.007646 0.029676
2 0.198328 0.364922 0.009047 0.034433
1 0.149015 0.411021 0.010321 0.040550
2 0.113017 0.349631 0.010959 0.032394
1 0.098873 0.409775 0.008410 0.036245
2 0.080740 0.336140 0.008682 0.033790
1 0.095984 0.617303 0.015003 0.059871