4 0.632263 0.310197 0.007043 0.027691
2 0.624528 0.374082 0.007819 0.030936
1 0.607548 0.378375 0.007436 0.032708
2 0.590990 0.380896 0.008049 0.032844
1 0.606973 0.390095 0.011192 0.035434
2 0.593711 0.437863 0.009046 0.036388
1 0.602680 0.430708 0.008892 0.035979
2 0.588728 0.475000 0.011346 0.033253
1 0.564811 0.456261 0.009199 0.037750
2 0.539896 0.470094 0.009046 0.038432
1 0.550054 0.508253 0.009429 0.039522
2 0.538517 0.519224 0.011806 0.040749
1 0.542081 0.430367 0.011116 0.035842
2 0.420270 0.444813 0.010502 0.038295
1 0.616555 0.470025 0.013339 0.039658
2 0.644191 0.565969 0.009889 0.045382
4 0.698542 0.440929 0.010809 0.037887
2 0.659178 0.401952 0.008433 0.035979
1 0.673705 0.385326 0.008356 0.034888
2 0.720889 0.414286 0.013645 0.038568
1 0.909705 0.304099 0.008622 0.030409
2 0.910539 0.319983 0.008761 0.028802