4 0.103564 0.321233 0.009596 0.029856
2 0.104678 0.389779 0.011139 0.042042
1 0.124899 0.393587 0.008740 0.036253
2 0.117959 0.421310 0.014737 0.045393
1 0.081201 0.458934 0.012167 0.046307
2 0.097747 0.526839 0.013168 0.050027
1 0.131298 0.550409 0.014972 0.056761
2 0.213659 0.344234 0.007410 0.031963
1 0.276343 0.403409 0.007653 0.039738
2 0.281688 0.438071 0.013727 0.045137
4 0.270451 0.412263 0.010933 0.041466
2 0.332641 0.333843 0.006595 0.029580
1 0.369723 0.388403 0.011363 0.038418
2 0.387072 0.393904 0.009131 0.034630
1 0.418320 0.432953 0.009740 0.038057
2 0.454032 0.440709 0.009537 0.039500
1 0.456822 0.362791 0.007203 0.032285
2 0.565481 0.401750 0.007203 0.033728
1 0.632746 0.415638 0.008421 0.037336
2 0.663385 0.437282 0.010856 0.037696
4 0.806944 0.649064 0.016442 0.054474
2 0.348777 0.539213 0.015791 0.049780
1 0.443606 0.560919 0.014001 0.052674
2 0.353365 0.311411 0.007902 0.026045