2 0.441823 0.446490 0.009661 0.038549
0 0.624866 0.430452 0.004262 0.006307
2 0.620988 0.403202 0.008615 0.029717
4 0.613917 0.302580 0.006830 0.026422
2 0.670344 0.501953 0.014114 0.034954
1 0.681949 0.317757 0.006975 0.025817
2 0.724206 0.383958 0.008072 0.031292
1 0.779628 0.456608 0.008296 0.033219
2 0.807136 0.432552 0.011288 0.035259
1 0.816423 0.353320 0.009624 0.028543
2 0.842443 0.515130 0.012026 0.039359
1 0.896861 0.556723 0.014595 0.037415
4 0.877284 0.395935 0.008995 0.030534
1 0.868289 0.385617 0.010279 0.031067
2 0.931244 0.502718 0.009724 0.034427
1 0.942595 0.479938 0.011825 0.032815
2 0.963402 0.461150 0.011743 0.035379
1 0.980233 0.490669 0.010630 0.033914
2 0.980501 0.443277 0.011660 0.032156
1 0.919548 0.416953 0.010684 0.033773
2 0.920927 0.400446 0.009324 0.030734
1 0.921704 0.390363 0.008003 0.033911