4 0.528049 0.670641 0.013046 0.050953
1 0.462104 0.642378 0.016587 0.053537
2 0.385835 0.613317 0.011211 0.047968
1 0.400956 0.586497 0.011239 0.045868
2 0.370464 0.556961 0.008698 0.044130
1 0.300350 0.536072 0.005965 0.041126
2 0.326868 0.519880 0.006771 0.039979
1 0.235796 0.535291 0.008617 0.040961
2 0.256801 0.490004 0.007798 0.037916
4 0.193319 0.507875 0.006722 0.037749
2 0.196893 0.461123 0.010975 0.030298
1 0.171839 0.482466 0.007144 0.032623
2 0.137767 0.512037 0.008174 0.040549
1 0.208444 0.584818 0.013110 0.046905
2 0.234254 0.617884 0.014749 0.051275
1 0.065584 0.530569 0.011377 0.043878
2 0.036757 0.580360 0.015811 0.051934
1 0.083554 0.437892 0.010208 0.028830
2 0.519217 0.491219 0.006657 0.033207