2 0.986614 0.556749 0.010838 0.040436
0 0.962932 0.585887 0.004950 0.007849
2 0.898320 0.688662 0.013301 0.046553
1 0.857482 0.643033 0.012677 0.042489
2 0.767805 0.556208 0.012054 0.041011
1 0.440745 0.596633 0.010554 0.043863
2 0.671577 0.691599 0.010876 0.047552
1 0.635791 0.667039 0.015725 0.047029
2 0.734387 0.568057 0.011655 0.043992
1 0.766904 0.456926 0.008253 0.035164
4 0.661127 0.532961 0.010479 0.039123
1 0.557191 0.563573 0.008322 0.041183
2 0.567593 0.488804 0.010458 0.038784
1 0.582648 0.444909 0.008444 0.034543
2 0.582194 0.431108 0.010623 0.035350
1 0.644526 0.477999 0.007990 0.037126
2 0.324018 0.440173 0.006803 0.036694
4 0.548351 0.299127 0.006509 0.025010
2 0.581289 0.369325 0.007928 0.030407
1 0.603825 0.316928 0.006019 0.026883
2 0.665543 0.447954 0.006443 0.036722
1 0.664595 0.413759 0.008528 0.035037
2 0.699056 0.330384 0.006673 0.028342
1 0.866735 0.396695 0.008600 0.030579