2 0.748465 0.599715 0.012730 0.053870
1 0.921489 0.382907 0.010842 0.039926
2 0.976783 0.338162 0.012701 0.034694
1 0.984140 0.322880 0.007899 0.033868
2 0.832894 0.320539 0.013630 0.018724
1 0.793320 0.352343 0.009138 0.032216
2 0.781549 0.331003 0.009758 0.030289
1 0.769468 0.338024 0.009448 0.028912
2 0.778064 0.358125 0.008364 0.035521
1 0.792469 0.390341 0.011152 0.035521
4 0.761801 0.387175 0.009293 0.036347
1 0.709140 0.366661 0.011152 0.036071
2 0.712857 0.465237 0.011152 0.042680
1 0.659731 0.429992 0.010842 0.037723
2 0.618686 0.422558 0.008054 0.036071
1 0.630148 0.389928 0.011462 0.034694
2 0.637660 0.370241 0.007280 0.031666
1 0.665849 0.353031 0.007899 0.031390
2 0.690011 0.330727 0.006660 0.025332
2 0.416265 0.419516 0.008840 0.034463
4 0.693949 0.318260 0.005829 0.024113