2 0.044431 0.402803 0.010567 0.038123
1 0.055309 0.402803 0.009013 0.034256
1 0.069372 0.355011 0.006682 0.031493
1 0.135026 0.398383 0.011499 0.032046
1 0.065798 0.481260 0.010411 0.035913
4 0.076986 0.468138 0.010101 0.041162
1 0.089884 0.562617 0.012898 0.042267
2 0.200679 0.506123 0.011654 0.043096
1 0.255067 0.516068 0.015073 0.045858
2 0.224455 0.454049 0.013208 0.039504
1 0.207709 0.655337 0.017125 0.047393
2 0.283094 0.653611 0.011829 0.045196
4 0.416827 0.710576 0.010593 0.048020
2 0.398554 0.534816 0.012182 0.039860
0 0.361833 0.574676 0.004767 0.007846
2 0.298678 0.291371 0.008066 0.028970
1 0.423447 0.373453 0.010370 0.036286
2 0.103824 0.288622 0.007895 0.028772
4 0.114022 0.271546 0.009342 0.028304
2 0.603814 0.417246 0.007321 0.038377