2 0.645516 0.389317 0.007435 0.033385
1 0.600713 0.448122 0.010486 0.040841
2 0.581458 0.416686 0.010867 0.034571
1 0.542660 0.395842 0.007626 0.035249
2 0.533033 0.387368 0.009151 0.034571
1 0.537799 0.375336 0.010295 0.032199
2 0.522452 0.381607 0.013155 0.031182
1 0.498287 0.395842 0.007149 0.035588
2 0.444857 0.361186 0.009914 0.027623
1 0.463159 0.371269 0.010676 0.029148
2 0.467830 0.387368 0.011058 0.034910
4 0.453579 0.408552 0.008484 0.037283
2 0.424315 0.328309 0.010200 0.026945
1 0.375604 0.383471 0.009056 0.034232
2 0.380656 0.415076 0.010772 0.035757
1 0.389569 0.430159 0.010104 0.035080
2 0.455295 0.459392 0.011344 0.038977
1 0.499955 0.472186 0.010104 0.040841
4 0.068305 0.358195 0.008387 0.029479
1 0.203853 0.403099 0.007616 0.036335
2 0.258130 0.441062 0.010123 0.039934
1 0.199997 0.498220 0.008966 0.042847
2 0.341802 0.527734 0.013833 0.043891
4 0.863147 0.634943 0.017113 0.048572