1 0.359454 0.325124 0.014364 0.049746
2 0.496006 0.399245 0.012126 0.050077
1 0.516527 0.417154 0.016976 0.050077
2 0.451422 0.589606 0.012872 0.054057
1 0.462335 0.563738 0.013804 0.056047
2 0.550105 0.628905 0.016230 0.057705
1 0.595436 0.529745 0.014364 0.051072
2 0.640114 0.567717 0.016043 0.056710
4 0.679848 0.520127 0.013804 0.055052
2 0.688336 0.451147 0.012499 0.053725
1 0.778065 0.497078 0.016230 0.055384
2 0.664178 0.355303 0.010074 0.042450
1 0.659608 0.298925 0.011379 0.041123
4 0.627293 0.174102 0.008485 0.032996
1 0.812613 0.422309 0.015571 0.046746
2 0.851687 0.373735 0.014102 0.039956
1 0.939826 0.355977 0.016746 0.044135
2 0.971115 0.463571 0.013515 0.053014
1 0.956719 0.546748 0.015277 0.052230
1 0.814518 0.696377 0.024281 0.059354
2 0.791951 0.659686 0.019031 0.055577
1 0.598788 0.688720 0.014374 0.058179
2 0.994364 0.556835 0.011272 0.057906