4 0.673935 0.502913 0.016827 0.059095
2 0.610635 0.202116 0.009697 0.035123
0 0.567677 0.212555 0.002828 0.005688
2 0.319385 0.237180 0.011774 0.039305
1 0.291389 0.229970 0.009157 0.038839
2 0.274709 0.215783 0.011643 0.032327
1 0.229903 0.229273 0.011774 0.037444
2 0.212896 0.220202 0.012297 0.034188
1 0.304994 0.268810 0.015437 0.042095
2 0.332532 0.314045 0.011120 0.040467
1 0.285306 0.327883 0.013213 0.043956
2 0.256917 0.274624 0.011381 0.038839
1 0.173707 0.254372 0.011327 0.039586
4 0.181185 0.316668 0.014006 0.047345
1 0.173192 0.289268 0.010554 0.039815
2 0.126675 0.273196 0.013906 0.039612
1 0.075079 0.278814 0.013432 0.041297
2 0.113163 0.399335 0.016593 0.051973
1 0.051375 0.427850 0.021017 0.054501
2 0.032254 0.564946 0.023862 0.066300