0 0.139827 0.851640 0.005069 0.009011
1 0.117802 0.792092 0.010901 0.053594
2 0.154165 0.827518 0.014137 0.057833
1 0.138000 0.695599 0.011197 0.045667
2 0.172909 0.619634 0.009221 0.041861
1 0.063243 0.607046 0.014820 0.033665
2 0.060032 0.523031 0.013009 0.040105
1 0.154092 0.499214 0.008399 0.036607
2 0.230023 0.498371 0.010702 0.035403
1 0.345219 0.551768 0.012984 0.039106
2 0.391505 0.530857 0.008096 0.035304
1 0.413655 0.531807 0.009013 0.026342
2 0.317605 0.633219 0.007314 0.046679
1 0.389134 0.615348 0.013924 0.045089
2 0.423945 0.616143 0.015118 0.040315
1 0.420812 0.650181 0.009051 0.042260
2 0.654821 0.525944 0.008830 0.037396
1 0.492499 0.797751 0.010108 0.048815
2 0.021427 0.713900 0.013887 0.049014
1 0.231627 0.787544 0.010881 0.052058
2 0.225416 0.800618 0.029365 0.031985
4 0.064378 0.389052 0.007905 0.028400
4 0.300194 0.612895 0.009471 0.042920
4 0.518094 0.805938 0.011101 0.048396
0 0.608340 0.528256 0.003433 0.003616