1 0.431317 0.509807 0.011180 0.035197
2 0.576875 0.509521 0.008128 0.028095
1 0.603064 0.554607 0.008730 0.034785
2 0.623834 0.553002 0.006923 0.036390
1 0.632338 0.531997 0.009482 0.034517
2 0.542709 0.615882 0.007827 0.043882
1 0.560544 0.648927 0.009783 0.048431
2 0.631435 0.609727 0.008278 0.041206
1 0.655441 0.578822 0.007827 0.038263
2 0.651679 0.512330 0.006020 0.029968
4 0.675158 0.461357 0.006321 0.020603
2 0.695477 0.519555 0.006321 0.028898
1 0.700670 0.536278 0.007074 0.032912
2 0.709475 0.485038 0.008730 0.024082
1 0.750564 0.477412 0.007526 0.024349
2 0.772614 0.514069 0.008579 0.027025
1 0.814199 0.636005 0.011738 0.050759
4 0.864435 0.575982 0.013497 0.035992
1 0.893609 0.558086 0.013426 0.043653
0 0.970712 0.551910 0.004064 0.006823
1 0.977485 0.538565 0.012643 0.034717