2 0.394320 0.372514 0.010310 0.034543
1 0.585851 0.440190 0.008724 0.041593
2 0.609644 0.389785 0.009517 0.036658
1 0.611626 0.424329 0.010310 0.039478
2 0.630462 0.380268 0.008327 0.038773
1 0.637822 0.359824 0.007883 0.037363
2 0.686087 0.329024 0.008622 0.033273
1 0.738766 0.289582 0.005888 0.026918
2 0.777145 0.337810 0.008622 0.032900
1 0.759901 0.375756 0.008202 0.031778
2 0.689031 0.323977 0.007360 0.033647
4 0.699651 0.286030 0.008832 0.027292
4 0.715318 0.372579 0.011146 0.038881
1 0.739397 0.311640 0.007991 0.029909
2 0.825934 0.316126 0.008202 0.014954
1 0.855901 0.313135 0.011356 0.031404
2 0.854744 0.347156 0.008202 0.038134
1 0.843388 0.351642 0.009884 0.032900
2 0.953268 0.325659 0.008412 0.031030
1 0.952322 0.296685 0.007781 0.029909
2 0.835292 0.551096 0.015141 0.054210