2 0.284049 0.412608 0.010397 0.036734
1 0.285803 0.453109 0.009537 0.039560
2 0.316875 0.451892 0.008542 0.038067
1 0.340576 0.487613 0.012236 0.042680
2 0.336084 0.440390 0.011307 0.039651
4 0.445975 0.509366 0.008674 0.045984
2 0.363886 0.569943 0.010842 0.046535
1 0.267593 0.591616 0.011754 0.047143
2 0.359763 0.392240 0.008587 0.038004
1 0.375051 0.411051 0.008879 0.039339
2 0.413693 0.426666 0.007559 0.040051
1 0.404089 0.376815 0.008460 0.034594
2 0.432782 0.399719 0.007834 0.037456
1 0.432862 0.340576 0.008375 0.031867
2 0.491299 0.477507 0.008055 0.040903
1 0.609850 0.578879 0.014523 0.048190
2 0.679809 0.474354 0.008628 0.023061
1 0.776936 0.520239 0.009358 0.046339
2 0.809949 0.540691 0.010724 0.047312
1 0.897862 0.474296 0.012987 0.045117
2 0.618467 0.388892 0.009625 0.038046
1 0.650375 0.384689 0.008769 0.039373
4 0.472530 0.248272 0.008334 0.032296
4 0.904307 0.863140 0.013306 0.060166
0 0.218659 0.687174 0.004889 0.011074