4 0.717300 0.616427 0.010269 0.056376
0 0.269252 0.664306 0.006942 0.011959
2 0.279282 0.638074 0.026424 0.070834
1 0.514476 0.518105 0.008478 0.038462
2 0.420680 0.521120 0.009427 0.040632
1 0.381446 0.553372 0.009359 0.050398
2 0.221042 0.534158 0.009709 0.040418
1 0.167602 0.515675 0.011570 0.039411
2 0.157934 0.533223 0.009062 0.043726
1 0.156194 0.574360 0.014159 0.061562
2 0.090557 0.509411 0.011423 0.035666
1 0.071280 0.530861 0.014279 0.044043
2 0.032155 0.538223 0.011709 0.044551
1 0.014378 0.516201 0.013565 0.041124
2 0.288362 0.492773 0.009880 0.029616