2 0.011652 0.678139 0.009522 0.049726
1 0.014529 0.799810 0.014481 0.057485
2 0.115006 0.700533 0.012696 0.047963
1 0.154086 0.769657 0.015077 0.056427
4 0.137125 0.631763 0.010117 0.043731
1 0.194753 0.524375 0.007142 0.038441
2 0.209433 0.530194 0.009125 0.038794
1 0.319929 0.590853 0.011506 0.040204
2 0.331435 0.635819 0.013886 0.044789
1 0.378251 0.636524 0.010712 0.044789
2 0.399775 0.716051 0.022020 0.047963
1 0.318143 0.782000 0.014283 0.051490
2 0.310010 0.772125 0.013093 0.053606
1 0.302273 0.702826 0.014283 0.043378
2 0.294239 0.711113 0.014481 0.047963
0 0.372796 0.706881 0.006943 0.009875
4 0.450901 0.809249 0.011808 0.052918
1 0.629464 0.547896 0.009911 0.038543
4 0.033762 0.379407 0.008259 0.028999