1 0.314692 0.433311 0.010194 0.042718
2 0.552588 0.460123 0.009672 0.039870
1 0.569488 0.342781 0.007121 0.034957
2 0.601215 0.357425 0.008503 0.034390
1 0.652924 0.362904 0.007546 0.038547
2 0.670068 0.364900 0.008385 0.035195
1 0.639907 0.315317 0.007919 0.033746
2 0.807094 0.681216 0.016021 0.059299
1 0.724228 0.425104 0.007714 0.038519
2 0.754006 0.325377 0.009416 0.032671
1 0.811917 0.541065 0.010890 0.045780
1 0.821390 0.346452 0.006239 0.037713
2 0.816398 0.320638 0.009189 0.029242
1 0.855762 0.331225 0.007147 0.034284
2 0.852813 0.399794 0.007827 0.039124
4 0.827232 0.403424 0.009756 0.037914
2 0.912980 0.394789 0.007502 0.037453
1 0.939597 0.381908 0.009763 0.037270
2 0.979419 0.454896 0.010071 0.041472
1 0.987640 0.435256 0.008427 0.041655
2 0.987384 0.489883 0.008119 0.040193
4 0.549817 0.318062 0.006561 0.032806
2 0.813887 0.343568 0.007859 0.036623