1 0.591376 0.671693 0.013869 0.057337
2 0.595504 0.546941 0.012438 0.051270
1 0.564903 0.548311 0.012879 0.046574
2 0.474917 0.475711 0.009026 0.036789
1 0.465836 0.484517 0.011998 0.040312
2 0.426594 0.530993 0.012769 0.042464
1 0.506321 0.433273 0.012732 0.037821
2 0.554783 0.398519 0.011089 0.032272
1 0.581971 0.379243 0.011253 0.025847
2 0.578193 0.371942 0.014374 0.027307
1 0.626984 0.446123 0.013060 0.033148
2 0.378338 0.424204 0.007639 0.034705
1 0.369812 0.555410 0.011420 0.046639
2 0.654111 0.329613 0.008943 0.022474
1 0.667324 0.353402 0.010624 0.026538
2 0.665710 0.384901 0.010893 0.029766
1 0.684639 0.389025 0.013381 0.030124
2 0.751074 0.431641 0.010960 0.041242
1 0.698961 0.491173 0.010826 0.042915
2 0.811423 0.369007 0.010413 0.034859
1 0.871979 0.504635 0.012612 0.052316
4 0.600069 0.443722 0.009929 0.036881
4 0.626121 0.323655 0.005308 0.021831
4 0.828213 0.883623 0.017593 0.084150
0 0.675072 0.342652 0.004875 0.004815