1 0.392947 0.446593 0.009875 0.035927
4 0.571037 0.301253 0.007349 0.025312
1 0.581371 0.391070 0.009186 0.031844
2 0.603302 0.497013 0.011712 0.034702
0 0.607321 0.509465 0.004593 0.005716
2 0.601005 0.544779 0.006200 0.037152
1 0.690567 0.341467 0.006200 0.026537
2 0.717321 0.386783 0.007808 0.028986
1 0.683907 0.514772 0.008497 0.036743
2 0.695734 0.542330 0.008727 0.038785
1 0.713761 0.527632 0.009415 0.040418
2 0.733051 0.534777 0.012630 0.037560
1 0.733396 0.609284 0.007349 0.040418
2 0.720880 0.629901 0.012630 0.042459
4 0.743385 0.458433 0.011253 0.031844
2 0.746256 0.475784 0.010104 0.034702
1 0.873020 0.403930 0.009186 0.029803
2 0.790233 0.477008 0.009875 0.033885
1 0.794137 0.559476 0.012171 0.037968
2 0.813427 0.672768 0.011253 0.040009
1 0.921246 0.595811 0.013319 0.042867
2 0.964074 0.511302 0.007119 0.037152
2 0.927216 0.471701 0.011942 0.036335
2 0.962751 0.523664 0.013978 0.043979