1 0.916087 0.472992 0.007547 0.031306
2 0.917606 0.418522 0.006700 0.029916
1 0.886548 0.563161 0.010232 0.037949
2 0.923942 0.603787 0.010128 0.037395
4 0.870968 0.461646 0.008553 0.033980
2 0.901597 0.342503 0.007289 0.026284
1 0.820805 0.348944 0.008549 0.029125
2 0.782428 0.333976 0.006591 0.028323
1 0.809477 0.403593 0.006450 0.029711
2 0.768722 0.394576 0.008327 0.033568
1 0.759398 0.499085 0.010321 0.035549
2 0.750016 0.525773 0.008796 0.037217
4 0.690955 0.305844 0.005532 0.025583
2 0.424102 0.451765 0.007997 0.037049
1 0.724983 0.443487 0.008650 0.032496