2 0.508930 0.508323 0.011217 0.041560
1 0.518889 0.516989 0.009330 0.039883
2 0.557101 0.470770 0.008596 0.038392
1 0.539227 0.443280 0.009330 0.038206
2 0.571987 0.430793 0.007758 0.039324
1 0.593373 0.439366 0.012790 0.037833
2 0.632109 0.404609 0.011636 0.034665
1 0.594788 0.356152 0.007443 0.029446
2 0.651084 0.406472 0.012056 0.036528
1 0.672103 0.416816 0.008806 0.035224
2 0.675352 0.422034 0.010064 0.039324
1 0.682429 0.440857 0.014572 0.038579
4 0.714455 0.461451 0.010274 0.041747
1 0.741607 0.461731 0.010274 0.040069
2 0.746062 0.420170 0.009959 0.041560
1 0.740663 0.516058 0.013838 0.047711
2 0.677135 0.548020 0.009854 0.045661
1 0.669272 0.493786 0.013419 0.039324
2 0.654753 0.526867 0.013104 0.040629
1 0.611509 0.514287 0.011112 0.040442
2 0.894784 0.434130 0.009217 0.040455
4 0.883591 0.782887 0.013678 0.060572
4 0.475660 0.314256 0.007193 0.026023