1 0.509435 0.521375 0.007874 0.033518
0 0.235130 0.534308 0.004195 0.006880
1 0.259391 0.518407 0.007056 0.031962
2 0.252057 0.518510 0.006323 0.031580
1 0.249398 0.522079 0.006624 0.031936
2 0.247941 0.497443 0.006692 0.034406
1 0.253006 0.555039 0.007850 0.038204
2 0.229404 0.482032 0.009524 0.031052
1 0.011265 0.484905 0.008712 0.032754
1 0.029028 0.524001 0.010519 0.036606
2 0.063721 0.528893 0.011700 0.038430
1 0.141139 0.548622 0.009238 0.039688
2 0.145912 0.527410 0.008930 0.037224
1 0.167235 0.542737 0.011547 0.036677
2 0.233170 0.518614 0.009928 0.031861
4 0.027333 0.459641 0.007141 0.026406
4 0.298491 0.730374 0.011353 0.056968
2 0.002207 0.503035 0.004414 0.026621