2 0.630024 0.379013 0.009153 0.037583
1 0.350561 0.387353 0.009441 0.036189
2 0.345766 0.392074 0.008998 0.034616
1 0.373203 0.416724 0.011948 0.037763
2 0.391200 0.439933 0.010473 0.041172
2 0.377629 0.505886 0.011653 0.050350
1 0.253204 0.510213 0.012981 0.050612
2 0.222521 0.459994 0.010621 0.041959
1 0.270757 0.418298 0.010326 0.038812
4 0.200690 0.476909 0.010916 0.044319
1 0.126713 0.476515 0.008703 0.044581
2 0.128262 0.417642 0.011506 0.040123
1 0.170155 0.355884 0.012686 0.028847
4 0.059153 0.342379 0.010473 0.027535
1 0.010318 0.610426 0.015209 0.057830
2 0.079074 0.647415 0.012885 0.056704
1 0.395268 0.614077 0.016210 0.061554
2 0.401947 0.567047 0.011412 0.054637
1 0.392611 0.438448 0.008871 0.040690
4 0.464609 0.679747 0.013313 0.058653