4 0.100832 0.379064 0.006664 0.027158
2 0.107157 0.454234 0.007116 0.033733
1 0.171818 0.473912 0.008810 0.030520
2 0.087421 0.510520 0.009845 0.038210
1 0.071405 0.537761 0.013035 0.027610
2 0.091304 0.591255 0.012896 0.042401
1 0.185667 0.570548 0.009707 0.041415
2 0.304366 0.616893 0.013867 0.041908
1 0.326275 0.599883 0.011371 0.038457
2 0.356990 0.531228 0.011232 0.037717
1 0.386451 0.571882 0.007640 0.038144
4 0.305040 0.527885 0.010320 0.035646
1 0.395921 0.478503 0.005476 0.032830
2 0.357009 0.415815 0.007701 0.029142
1 0.336436 0.440654 0.007041 0.032663
2 0.458741 0.602449 0.009543 0.043790
1 0.503104 0.538368 0.007222 0.039893
2 0.547191 0.581296 0.009639 0.035199
1 0.576825 0.598433 0.008206 0.042147
2 0.581645 0.581760 0.009509 0.037515
1 0.609455 0.544708 0.008597 0.039831
2 0.553378 0.485193 0.008206 0.034273
1 0.491700 0.458393 0.007034 0.032294
4 0.738682 0.776599 0.011410 0.047154