1 0.574051 0.530536 0.009914 0.039820
4 0.378438 0.821309 0.012195 0.054417
1 0.341829 0.642769 0.008637 0.041316
2 0.307681 0.633746 0.010685 0.045115
1 0.308928 0.567340 0.011576 0.039258
2 0.309952 0.535997 0.009528 0.038941
1 0.296595 0.555863 0.010774 0.037200
2 0.278288 0.495137 0.010389 0.032460
1 0.242624 0.534233 0.010838 0.040935
2 0.283549 0.654024 0.007838 0.047405
4 0.192235 0.540662 0.010625 0.037441
2 0.177738 0.502004 0.010436 0.034335
1 0.150326 0.508887 0.010200 0.035678
2 0.121671 0.629715 0.014538 0.043485
1 0.058520 0.658705 0.008999 0.043485
2 0.067905 0.575769 0.010846 0.038972
1 0.091557 0.568453 0.012615 0.040750
2 0.062520 0.505278 0.017461 0.037741
1 0.020232 0.662655 0.011610 0.044859
2 0.004079 0.601902 0.008157 0.043896
1 0.019807 0.580711 0.019583 0.042520
4 0.029851 0.386588 0.008093 0.027653