1 0.310590 0.442070 0.008508 0.036531
4 0.553561 0.301369 0.006100 0.026827
1 0.575796 0.353026 0.006582 0.029110
2 0.629896 0.316067 0.009151 0.026542
1 0.565441 0.400687 0.006743 0.032535
2 0.584224 0.404255 0.006743 0.030537
1 0.543302 0.462292 0.007950 0.036150
2 0.545443 0.494230 0.007950 0.033704
1 0.549647 0.515431 0.009632 0.038053
2 0.619595 0.466641 0.007033 0.031258
1 0.580073 0.626735 0.009632 0.043761
2 0.593068 0.679602 0.010244 0.044576
1 0.695181 0.324075 0.006093 0.026538
2 0.658853 0.403960 0.006245 0.029787
1 0.666850 0.434695 0.007311 0.032766
2 0.755044 0.436049 0.007616 0.031141
4 0.654055 0.495759 0.007616 0.037370
2 0.740573 0.498873 0.007616 0.037099
1 0.754815 0.502258 0.008378 0.036286
2 0.742553 0.587287 0.011272 0.040077
1 0.901207 0.390564 0.007360 0.031153
2 0.977873 0.524833 0.009287 0.036137
1 0.906815 0.683557 0.010514 0.047664
0 0.916540 0.669382 0.005082 0.011838