2 0.425580 0.478403 0.010292 0.038598
1 0.389629 0.416747 0.009728 0.036091
2 0.439326 0.372760 0.010433 0.034838
1 0.408028 0.368875 0.010433 0.034588
2 0.345008 0.363988 0.008741 0.030828
1 0.421209 0.250074 0.005216 0.024061
2 0.425086 0.275890 0.005357 0.028071
1 0.440876 0.245438 0.006485 0.024312
2 0.449053 0.251077 0.004793 0.023560
1 0.514610 0.251954 0.006485 0.027821
4 0.442639 0.237417 0.006908 0.021805
4 0.533290 0.303836 0.007472 0.030828
2 0.554145 0.331812 0.008035 0.034527
1 0.597691 0.234525 0.009024 0.021480
2 0.615778 0.277750 0.006862 0.030761
1 0.652994 0.235387 0.007160 0.026916
2 0.663585 0.276291 0.006862 0.031557
1 0.828970 0.298367 0.009024 0.034871
2 0.846870 0.309306 0.010964 0.034474
1 0.861637 0.357503 0.011113 0.042031
2 0.695863 0.474104 0.008721 0.044729
1 0.678138 0.363212 0.010683 0.037520
2 0.646830 0.381507 0.010945 0.037675
4 0.972852 0.690749 0.012907 0.056186
0 0.493601 0.242005 0.003696 0.004089