1 0.467160 0.418531 0.007265 0.038376
2 0.972929 0.536151 0.018865 0.057535
1 0.962521 0.443054 0.013010 0.045970
2 0.896737 0.400264 0.009270 0.036140
1 0.886897 0.413419 0.008782 0.039320
2 0.888605 0.434525 0.007644 0.039899
1 0.869903 0.461269 0.015775 0.036140
2 0.882425 0.488735 0.009595 0.050018
1 0.798508 0.405613 0.007969 0.035851
2 0.794442 0.424984 0.008619 0.040477
1 0.789482 0.448403 0.008782 0.042212
2 0.796150 0.482375 0.010734 0.043079
1 0.790783 0.496252 0.011709 0.045970
2 0.773544 0.430333 0.010408 0.041922
4 0.718367 0.339404 0.006595 0.027756