2 0.619988 0.511376 0.009159 0.036501
1 0.560186 0.536446 0.006750 0.033931
2 0.490188 0.476692 0.009622 0.031646
0 0.438281 0.675928 0.005734 0.011210
2 0.388527 0.778716 0.014826 0.049999
1 0.385000 0.542522 0.009679 0.039914
2 0.347336 0.522878 0.007410 0.035700
1 0.341977 0.473253 0.007499 0.031324
2 0.313845 0.401857 0.009930 0.025868
1 0.280512 0.627715 0.013998 0.033767
2 0.194335 0.466510 0.009879 0.029889
1 0.171841 0.450563 0.010340 0.031982
4 0.085895 0.383326 0.007861 0.026382
1 0.129209 0.504314 0.012091 0.034594
2 0.191695 0.552339 0.008366 0.036228
1 0.164702 0.547669 0.012785 0.035930
4 0.138716 0.554007 0.009418 0.040478
1 0.082258 0.477611 0.010174 0.032893
2 0.070720 0.509166 0.008453 0.038856
1 0.046288 0.539865 0.011308 0.039501
2 0.035867 0.592782 0.015305 0.042873
1 0.040725 0.585399 0.010623 0.044576
2 0.064546 0.659175 0.009607 0.044490
1 0.034428 0.663924 0.014477 0.041705
4 0.705625 0.777852 0.011499 0.044005