4 0.087158 0.271184 0.006407 0.029139
1 0.071065 0.330521 0.008642 0.034172
2 0.049757 0.428998 0.008791 0.037748
1 0.115953 0.530653 0.012293 0.041324
2 0.179728 0.585222 0.010654 0.043973
1 0.119960 0.710577 0.016440 0.049783
2 0.152071 0.375789 0.009258 0.034719
0 0.227858 0.435557 0.003244 0.005526
2 0.239616 0.370023 0.009190 0.032557
1 0.254449 0.369422 0.008447 0.033518
4 0.249922 0.343473 0.009123 0.032797
1 0.269485 0.328215 0.008244 0.030394
2 0.272188 0.280522 0.008109 0.025589
1 0.236274 0.422691 0.007367 0.038050
2 0.213126 0.484729 0.008220 0.039704
1 0.286292 0.464187 0.009538 0.041083
2 0.331386 0.404976 0.005428 0.040669
1 0.396913 0.336320 0.007134 0.030743
2 0.412578 0.390776 0.009151 0.035155
1 0.411453 0.440199 0.007522 0.040256
2 0.375966 0.538977 0.011572 0.042830
4 0.405416 0.711476 0.012046 0.048900
2 0.756736 0.411501 0.006734 0.039120