2 0.368678 0.492797 0.008584 0.044051
1 0.773757 0.534610 0.009643 0.040668
2 0.785426 0.518379 0.012259 0.044863
1 0.765507 0.456607 0.007244 0.042062
2 0.788885 0.386797 0.006732 0.033562
1 0.802056 0.368390 0.008049 0.034473
1 0.822684 0.623748 0.012390 0.048101
2 0.854503 0.761306 0.011969 0.055893
1 0.975608 0.674319 0.010952 0.051110
2 0.974453 0.641006 0.009840 0.052631
1 0.938648 0.532464 0.010685 0.039079
4 0.921940 0.469611 0.009664 0.037990
1 0.920783 0.451523 0.008575 0.037385
4 0.716983 0.315972 0.008743 0.030754