4 0.833477 0.336349 0.010896 0.036140
0 0.909344 0.315821 0.006830 0.009541
4 0.720942 0.208884 0.006553 0.026105
1 0.448859 0.362171 0.007767 0.034088
2 0.731318 0.331212 0.009587 0.037324
1 0.750493 0.372959 0.009830 0.041855
2 0.704741 0.404673 0.012014 0.042286
1 0.787082 0.418697 0.010437 0.041423
2 0.888476 0.320317 0.011529 0.036245
1 0.896364 0.320425 0.013956 0.037324
2 0.877736 0.347069 0.012621 0.034951
1 0.972880 0.290004 0.004854 0.022222
2 0.967965 0.298095 0.008131 0.036245
1 0.924519 0.436712 0.012500 0.047680
2 0.955890 0.419776 0.013592 0.045307
1 0.926825 0.232076 0.010558 0.027184
2 0.958013 0.245237 0.016869 0.030636
1 0.775367 0.554180 0.012847 0.051712
2 0.935593 0.574219 0.016725 0.058176