4 0.595528 0.300697 0.005726 0.027675
1 0.648666 0.358393 0.007281 0.027831
1 0.665656 0.416429 0.012864 0.039482
2 0.750970 0.406828 0.008495 0.034088
1 0.753944 0.347066 0.007160 0.031499
2 0.772026 0.331964 0.008859 0.031930
4 0.834100 0.413516 0.008495 0.034519
2 0.840168 0.386979 0.008495 0.031499
1 0.846175 0.397767 0.009345 0.035382
2 0.872752 0.376731 0.010315 0.032146
1 0.946598 0.488164 0.012621 0.040992
2 0.972751 0.557419 0.015170 0.040129
1 0.888772 0.496902 0.012985 0.039050
2 0.885131 0.469071 0.009830 0.039482
1 0.806370 0.543719 0.010315 0.041208
2 0.783433 0.580396 0.014442 0.041639
1 0.745583 0.458173 0.010111 0.038518
2 0.690695 0.522019 0.012475 0.041553
1 0.914186 0.435681 0.010401 0.035919
2 0.912034 0.421654 0.008488 0.033369
2 0.435111 0.434181 0.008104 0.036995
1 0.601099 0.391137 0.006686 0.031517
0 0.651996 0.377594 0.004396 0.007450