4 0.146869 0.385248 0.007540 0.028196
1 0.172414 0.469028 0.007930 0.034436
2 0.144529 0.491330 0.007540 0.034667
1 0.144399 0.567367 0.010400 0.042988
2 0.163509 0.572221 0.010140 0.041601
1 0.142839 0.624925 0.015340 0.048053
2 0.220344 0.646148 0.010988 0.043409
1 0.213833 0.686422 0.013701 0.048233
2 0.308384 0.491080 0.010988 0.034727
1 0.399135 0.596863 0.010043 0.038180
4 0.403615 0.627627 0.010352 0.042025
1 0.417057 0.638889 0.009425 0.042575
2 0.453289 0.474221 0.009579 0.030764
1 0.541897 0.494409 0.008807 0.032686
2 0.572180 0.642048 0.009734 0.042300
1 0.583150 0.634494 0.010970 0.042025
0 0.660094 0.789823 0.005099 0.009339
1 0.682420 0.777875 0.015142 0.039828
2 0.685896 0.770733 0.019931 0.038729
2 0.715716 0.705086 0.011588 0.043673
1 0.743681 0.705086 0.010352 0.047519
4 0.786557 0.774441 0.012360 0.044498
1 0.703896 0.543027 0.015760 0.038180
2 0.416996 0.741669 0.013433 0.046025
1 0.678680 0.753756 0.017076 0.044019