2 0.365996 0.409399 0.013919 0.033061
4 0.519477 0.300897 0.006183 0.022520
2 0.546320 0.351835 0.010405 0.031099
1 0.508016 0.424489 0.010405 0.030563
2 0.622965 0.589782 0.009556 0.041094
1 0.662352 0.507134 0.008523 0.036962
2 0.624945 0.355204 0.008676 0.026241
1 0.625959 0.382346 0.009127 0.030447
2 0.664269 0.362916 0.008901 0.029246
1 0.690804 0.336174 0.010817 0.025440
2 0.734003 0.315210 0.011036 0.022345
0 0.744043 0.319434 0.003525 0.006812
2 0.751017 0.352134 0.011343 0.028612
1 0.775542 0.347229 0.011649 0.022617
2 0.810643 0.339871 0.008890 0.024252
4 0.788341 0.388376 0.007511 0.030792
2 0.839460 0.368347 0.008890 0.027250
1 0.859157 0.379247 0.010576 0.028340
2 0.822293 0.452277 0.012569 0.030520
1 0.779527 0.473260 0.009503 0.033245
2 0.892451 0.448469 0.009979 0.030978
1 0.898780 0.459987 0.007447 0.034950
2 0.946663 0.541537 0.015638 0.036009
1 0.903932 0.683042 0.013814 0.042792