2 0.673082 0.425250 0.008762 0.038422
1 0.434067 0.438088 0.010041 0.035382
2 0.349258 0.432350 0.009324 0.036019
1 0.356251 0.331624 0.006455 0.031557
2 0.278524 0.455301 0.010220 0.039207
1 0.195598 0.410197 0.008248 0.033788
2 0.132395 0.375612 0.009144 0.032194
1 0.234058 0.310904 0.006993 0.027732
4 0.041579 0.272016 0.008965 0.029644
1 0.016836 0.371787 0.008606 0.034744
2 0.003577 0.573559 0.007154 0.040482
1 0.093038 0.550927 0.010041 0.041757
2 0.136608 0.553796 0.011117 0.041757
4 0.217652 0.505026 0.011834 0.041757
2 0.228051 0.629979 0.011117 0.046857
1 0.277986 0.610375 0.011296 0.042713
2 0.283724 0.743456 0.011296 0.045582
0 0.264449 0.746643 0.005738 0.014344
1 0.443032 0.573718 0.011117 0.046538
2 0.429405 0.572443 0.010399 0.043351
4 0.409951 0.710305 0.011296 0.048770
1 0.271678 0.732608 0.011730 0.051301