1 0.717499 0.767041 0.012618 0.067121
2 0.640131 0.811205 0.016946 0.053137
1 0.647791 0.568441 0.013272 0.049132
4 0.635249 0.542449 0.013272 0.049521
0 0.366705 0.453507 0.004425 0.005839
2 0.494933 0.485871 0.011257 0.039461
1 0.647855 0.494591 0.013240 0.041799
2 0.651108 0.472323 0.010957 0.041089
1 0.676589 0.444119 0.009873 0.037639
2 0.685719 0.470293 0.012840 0.045350
1 0.706292 0.483279 0.013354 0.041900
2 0.725181 0.450155 0.010044 0.041596
1 0.747459 0.614320 0.014912 0.068065
2 0.756728 0.592539 0.010237 0.054882
1 0.783489 0.561014 0.016685 0.055168
2 0.859175 0.580932 0.018781 0.046571
1 0.858692 0.620696 0.020554 0.063909
2 0.893497 0.547721 0.017813 0.061112
1 0.918525 0.533462 0.013910 0.060001
2 0.892094 0.381290 0.009782 0.037679
4 0.673308 0.320560 0.005659 0.026521