2 0.363243 0.455065 0.011212 0.036543
1 0.581130 0.437707 0.007662 0.037041
2 0.565059 0.477073 0.010651 0.040029
2 0.605052 0.405784 0.010032 0.036857
1 0.654289 0.545498 0.009605 0.044574
2 0.754531 0.531119 0.012941 0.048169
1 0.700314 0.454893 0.009152 0.038067
4 0.687652 0.463620 0.009200 0.041502
1 0.700074 0.414052 0.010487 0.035075
2 0.804559 0.418631 0.009007 0.039187
1 0.823999 0.432285 0.011217 0.042848
2 0.721457 0.379020 0.008555 0.035833
1 0.739387 0.333812 0.008789 0.030416
2 0.701125 0.367666 0.008437 0.033541
1 0.650677 0.359436 0.007617 0.032500
4 0.642419 0.305375 0.007039 0.028541
1 0.529635 0.545996 0.009995 0.043078
2 0.543946 0.566189 0.009238 0.046847
1 0.529201 0.699910 0.012918 0.051497
2 0.963906 0.481372 0.012282 0.046691
1 0.946071 0.351173 0.011368 0.038096
2 0.808416 0.305411 0.007056 0.028804
0 0.808547 0.321207 0.004181 0.006504
2 0.565014 0.462991 0.009824 0.037361