4 0.665527 0.679103 0.013215 0.063647
1 0.656358 0.415242 0.010416 0.030661
2 0.408412 0.381089 0.009392 0.033393
1 0.437953 0.410384 0.009392 0.037340
2 0.456054 0.413117 0.007001 0.039769
1 0.474326 0.448635 0.007343 0.044626
2 0.481156 0.449394 0.008026 0.038251
1 0.495415 0.505707 0.009904 0.045840
2 0.417035 0.566271 0.012978 0.049179
1 0.376735 0.479752 0.009563 0.049787
2 0.334728 0.423894 0.009221 0.041286
1 0.302283 0.396268 0.009904 0.037036
2 0.303051 0.347696 0.007343 0.030358
1 0.286829 0.418429 0.010758 0.038251
2 0.269753 0.458653 0.010416 0.046447
1 0.325165 0.533333 0.010246 0.047054
2 0.314066 0.581146 0.010929 0.055251
4 0.246444 0.472921 0.009221 0.046447
2 0.246785 0.465332 0.010929 0.045840
1 0.210669 0.473528 0.017588 0.047054
2 0.191373 0.467912 0.011441 0.047358
1 0.177968 0.473984 0.011953 0.049179
0 0.135876 0.526199 0.005977 0.009107
1 0.104029 0.520279 0.013661 0.049483
4 0.112164 0.318951 0.007063 0.029941