2 0.698070 0.534374 0.009107 0.031803
1 0.670098 0.611714 0.015938 0.039610
2 0.620902 0.544783 0.009920 0.037007
1 0.592117 0.536109 0.009595 0.035273
2 0.567478 0.527435 0.008132 0.033538
1 0.617568 0.662888 0.010408 0.037875
4 0.516819 0.625447 0.008619 0.042212
1 0.686686 0.690789 0.010408 0.040477
2 0.704413 0.741674 0.011709 0.043946
1 0.694330 0.752805 0.011059 0.047705
2 0.627407 0.763647 0.018702 0.038164
1 0.609437 0.769863 0.019516 0.050018
0 0.615861 0.785476 0.004716 0.008384
1 0.484705 0.648162 0.010648 0.038079
2 0.464338 0.675566 0.013000 0.041381
1 0.469724 0.566171 0.007429 0.036979
2 0.400761 0.579598 0.011638 0.040500
1 0.427319 0.524790 0.008048 0.035658
2 0.326907 0.525010 0.005324 0.035658
1 0.286792 0.610303 0.014486 0.043802
2 0.320655 0.702529 0.008667 0.048204
1 0.321026 0.749963 0.013372 0.048864
2 0.149361 0.651133 0.008295 0.046663
4 0.161455 0.383203 0.006548 0.026810
4 0.784072 0.786569 0.010988 0.049325