1 0.495832 0.403035 0.005341 0.033530
4 0.716236 0.339090 0.005174 0.022551
1 0.743693 0.387606 0.008346 0.034124
1 0.793808 0.444531 0.009840 0.039192
1 0.800098 0.349872 0.008220 0.027014
2 0.849652 0.364898 0.008345 0.027678
2 0.866421 0.339465 0.007349 0.024357
2 0.866297 0.364597 0.008843 0.028564
2 0.876697 0.403789 0.010462 0.037421
0 0.871902 0.348986 0.002865 0.003986
1 0.903538 0.350315 0.011334 0.026128
2 0.911073 0.355186 0.008469 0.027457
1 0.926455 0.367254 0.009840 0.029892
2 0.937104 0.346219 0.006477 0.027235
1 0.964443 0.370022 0.007598 0.029671
1 0.966996 0.359298 0.008220 0.031694
1 0.998014 0.357760 0.004010 0.030696