1 0.459802 0.408906 0.005576 0.035025
4 0.686834 0.340095 0.005018 0.022964
1 0.751421 0.371981 0.010037 0.029242
2 0.735065 0.429144 0.009293 0.039155
1 0.707279 0.405519 0.011338 0.034529
2 0.693989 0.400149 0.008364 0.035686
1 0.869398 0.362398 0.010873 0.029573
2 0.889332 0.441039 0.012825 0.039816
1 0.952432 0.433770 0.009107 0.039486
2 0.976316 0.415927 0.010780 0.036842
1 0.964606 0.388171 0.007620 0.033208
4 0.960471 0.384289 0.008457 0.032712
1 0.956428 0.376772 0.006133 0.029903
2 0.948901 0.368263 0.007806 0.029408
1 0.932127 0.381233 0.010873 0.032216