2 0.229289 0.543561 0.007285 0.049954
1 0.288544 0.519740 0.008196 0.039316
2 0.326074 0.507367 0.010407 0.033071
1 0.324448 0.550961 0.006895 0.049491
2 0.329521 0.555124 0.009496 0.051804
1 0.423888 0.525546 0.007225 0.036998
2 0.451277 0.520945 0.006146 0.035848
4 0.478558 0.533310 0.011107 0.041790
2 0.494247 0.561585 0.014665 0.045049
1 0.504815 0.511456 0.006901 0.031822
2 0.521852 0.526025 0.006470 0.039490
1 0.536355 0.563215 0.014126 0.044858
2 0.527513 0.515769 0.006362 0.037765
1 0.542663 0.545003 0.012724 0.040640
2 0.549457 0.511360 0.010136 0.036231
1 0.567249 0.520178 0.013802 0.035464
2 0.604017 0.543092 0.007943 0.044406
1 0.625494 0.531015 0.013064 0.036602
2 0.624030 0.514015 0.012855 0.032700
4 0.894843 0.597626 0.012476 0.047917
2 0.817809 0.584653 0.013535 0.042895
0 0.823228 0.603162 0.004255 0.008781
2 0.741814 0.564241 0.020873 0.045354
4 0.011473 0.489600 0.007162 0.033077