1 0.409810 0.422851 0.007381 0.038782
2 0.620120 0.492199 0.010437 0.040204
1 0.594983 0.419678 0.007132 0.036802
2 0.630210 0.367877 0.012177 0.035255
1 0.663436 0.358754 0.010437 0.033091
4 0.665230 0.304257 0.006800 0.027913
1 0.716939 0.342612 0.010545 0.035221
2 0.733555 0.312362 0.009906 0.031528
1 0.817995 0.303273 0.011983 0.025848
2 0.831016 0.316481 0.009267 0.032380
1 0.823826 0.418877 0.011504 0.039481
4 0.819113 0.383656 0.008468 0.037777
1 0.842839 0.342044 0.011823 0.035789
2 0.861932 0.305687 0.007829 0.031812
1 0.849390 0.403965 0.008308 0.038629
2 0.902594 0.482502 0.013740 0.049139
1 0.934389 0.583194 0.012462 0.049991
2 0.940591 0.309037 0.010822 0.033965
1 0.938421 0.306351 0.010541 0.032988