1 0.401560 0.431806 0.009562 0.037075
2 0.584240 0.505718 0.012477 0.043323
1 0.628104 0.455897 0.012672 0.042110
4 0.629151 0.343233 0.005014 0.025640
1 0.666629 0.407471 0.011114 0.032441
2 0.677717 0.416845 0.009822 0.035749
1 0.673194 0.389689 0.008116 0.032349
0 0.694673 0.526482 0.006617 0.009466
1 0.680819 0.524131 0.025744 0.048876
2 0.782116 0.541871 0.012612 0.050928
1 0.833283 0.594561 0.014520 0.058319
2 0.796061 0.474738 0.015904 0.047649
4 0.781101 0.464690 0.010959 0.043982
2 0.810157 0.425890 0.013520 0.037747
1 0.793147 0.360992 0.007909 0.027804
2 0.894988 0.550348 0.015288 0.058559
1 0.944555 0.595178 0.023956 0.060800
2 0.987186 0.528074 0.022853 0.057158
1 0.932291 0.444332 0.012052 0.043392