2 0.489999 0.767892 0.013550 0.062569
1 0.425328 0.729724 0.013022 0.063821
2 0.522731 0.717367 0.016366 0.063508
1 0.558014 0.715490 0.015838 0.061631
2 0.479176 0.516988 0.009151 0.043799
0 0.562589 0.495245 0.003871 0.006570
1 0.486743 0.465056 0.010911 0.036290
2 0.421984 0.445816 0.010559 0.034100
1 0.509532 0.415000 0.006863 0.034413
2 0.521235 0.431425 0.009151 0.034726
1 0.564965 0.390129 0.007567 0.027218
2 0.582387 0.438776 0.010735 0.036290
1 0.612919 0.439089 0.009503 0.036290
4 0.616526 0.323805 0.005455 0.022838
1 0.626469 0.487424 0.009855 0.042234
2 0.729151 0.443938 0.008975 0.041609
1 0.738654 0.436587 0.007567 0.038167
2 0.677326 0.783847 0.027100 0.068201
4 0.984229 0.927757 0.019005 0.091977
2 0.899232 0.542955 0.010559 0.058190
1 0.894393 0.439871 0.010383 0.044737
2 0.915510 0.452385 0.014958 0.047240
1 0.830602 0.413905 0.007391 0.037855
4 0.552259 0.483200 0.008149 0.041145