2 0.492525 0.428267 0.010842 0.035796
1 0.739878 0.416151 0.009913 0.025883
4 0.707966 0.306085 0.005705 0.026709
1 0.764483 0.354858 0.008987 0.030500
2 0.795119 0.430383 0.006536 0.033405
1 0.825375 0.371892 0.006020 0.030577
2 0.843148 0.341316 0.006593 0.029557
1 0.850314 0.396099 0.012326 0.031086
2 0.905926 0.380046 0.011180 0.029557
4 0.923248 0.382314 0.009829 0.029664
2 0.925077 0.367686 0.008914 0.031289
1 0.929191 0.389222 0.006629 0.032102
2 0.975020 0.420714 0.009143 0.034133
1 0.984620 0.386581 0.010514 0.030883
2 0.995624 0.412587 0.008751 0.032508
1 0.948163 0.455661 0.009371 0.032508
2 0.937991 0.485731 0.009600 0.034946
1 0.843362 0.529210 0.009600 0.039010