1 0.433421 0.429923 0.008313 0.033691
4 0.639703 0.324437 0.004136 0.019826
4 0.877092 0.394370 0.012381 0.026568
2 0.869150 0.401763 0.007440 0.025942
1 0.908190 0.475926 0.008520 0.033275
2 0.855371 0.457484 0.010065 0.033589
1 0.827980 0.392464 0.010286 0.029272
1 0.768121 0.343882 0.005165 0.023003
2 0.717671 0.403491 0.009989 0.029797
1 0.767072 0.424065 0.007579 0.029783
1 0.902065 0.573423 0.012558 0.043852
2 0.985424 0.532856 0.012388 0.037098
1 0.970253 0.440898 0.009549 0.030150
1 0.785276 0.516622 0.008479 0.040387
2 0.914614 0.335056 0.008379 0.019636
1 0.798177 0.350151 0.005535 0.026735
2 0.859571 0.549163 0.010776 0.038097
1 0.941784 0.334280 0.005545 0.023132