1 0.416671 0.357991 0.009288 0.031325
2 0.423637 0.428897 0.007649 0.037153
1 0.325427 0.429626 0.010381 0.035696
2 0.272566 0.384581 0.013113 0.029625
1 0.259795 0.392715 0.008879 0.029868
2 0.244701 0.383609 0.007103 0.033025
1 0.186581 0.386887 0.008605 0.029383
2 0.154345 0.339778 0.009425 0.026954
1 0.271064 0.336621 0.008469 0.026954
4 0.169302 0.452330 0.012567 0.037396
1 0.146491 0.501989 0.011474 0.039096
2 0.117465 0.597665 0.012430 0.056094
1 0.091991 0.415056 0.008469 0.037153
2 0.110567 0.357748 0.009561 0.027440
1 0.034622 0.415906 0.011474 0.036910
4 0.076487 0.336986 0.006693 0.024769
4 0.526523 0.658591 0.009495 0.056806
1 0.599765 0.366588 0.006489 0.036652
0 0.231318 0.344532 0.004723 0.007600
1 0.031290 0.411838 0.009433 0.039095