1 0.531627 0.522331 0.009639 0.039665
2 0.406235 0.487901 0.008389 0.034905
1 0.415785 0.690511 0.009639 0.050454
0 0.412661 0.691145 0.003748 0.007298
4 0.522434 0.799510 0.011602 0.048867
2 0.253802 0.612132 0.009460 0.044742
1 0.236845 0.565169 0.009103 0.039665
2 0.151526 0.676707 0.015172 0.043790
1 0.147153 0.683212 0.015350 0.049185
2 0.212927 0.427928 0.008032 0.033636
1 0.165537 0.509638 0.009639 0.037127
2 0.122788 0.414283 0.006604 0.029828
1 0.091463 0.538355 0.008211 0.039348
2 0.091195 0.588968 0.011602 0.040300
4 0.048446 0.605627 0.011067 0.045694
2 0.071115 0.772379 0.017849 0.051723
1 0.083074 0.822516 0.013565 0.054262
2 0.008374 0.496152 0.009460 0.037444
1 0.012569 0.481237 0.009282 0.036175
4 0.038361 0.382868 0.008389 0.027924