2 0.658303 0.377298 0.010737 0.043841
0 0.658829 0.396254 0.004274 0.008371
2 0.663139 0.453110 0.011300 0.050481
4 0.771543 0.278551 0.006737 0.030005
2 0.786537 0.398766 0.010648 0.042239
1 0.805987 0.407136 0.009996 0.044300
2 0.814281 0.348413 0.013546 0.037603
1 0.826668 0.376680 0.008765 0.040565
2 0.823698 0.464765 0.008765 0.044686
1 0.904611 0.428256 0.012966 0.046618
2 0.934818 0.488395 0.017168 0.053057
1 0.926836 0.389274 0.007705 0.040096
2 0.970660 0.364874 0.007866 0.039525
1 0.777806 0.698329 0.021137 0.062986
2 0.961320 0.537077 0.010201 0.048624
1 0.972194 0.545845 0.013563 0.055399