1 0.969556 0.527865 0.017994 0.048792
2 0.907304 0.359783 0.012433 0.037544
1 0.917820 0.340102 0.010985 0.035728
2 0.970690 0.245806 0.008666 0.033404
1 0.930837 0.268283 0.011497 0.034735
2 0.896947 0.239705 0.007379 0.033099
1 0.922188 0.211375 0.008195 0.030731
2 0.882443 0.275076 0.009636 0.033110
4 0.870609 0.286745 0.014680 0.035754
2 0.851920 0.218341 0.007954 0.028396
1 0.816934 0.233114 0.008601 0.030811
2 0.721964 0.305665 0.011020 0.034092
4 0.707048 0.209455 0.005638 0.024641
2 0.739710 0.373093 0.009369 0.038388
1 0.779566 0.406861 0.009735 0.038257
2 0.411471 0.354225 0.007475 0.033775
0 0.929043 0.286454 0.004424 0.006273