2 0.417434 0.355146 0.009939 0.032394
1 0.621762 0.355405 0.011004 0.036953
2 0.623990 0.293998 0.011616 0.030897
1 0.641719 0.280878 0.013013 0.029811
2 0.645780 0.259529 0.006987 0.023755
1 0.668836 0.255415 0.008210 0.029190
1 0.652203 0.435479 0.012580 0.040977
2 0.684278 0.383667 0.010158 0.034032
1 0.727697 0.295384 0.009390 0.031284
2 0.723871 0.281350 0.011059 0.029924
4 0.755591 0.336874 0.008114 0.036850
2 0.768537 0.324285 0.011139 0.034490
1 0.826091 0.336651 0.009496 0.037403
2 0.835354 0.298584 0.010615 0.034884
1 0.848825 0.289434 0.007318 0.034026
2 0.841667 0.247903 0.009087 0.031309
1 0.897799 0.242256 0.008766 0.032024
2 0.936002 0.270592 0.009153 0.038498
1 0.950493 0.311532 0.011694 0.038555
2 0.955242 0.318399 0.011836 0.034145
1 0.979875 0.428572 0.014735 0.042372
2 0.887713 0.491552 0.016900 0.046185
4 0.636457 0.217222 0.006274 0.023437