1 0.412617 0.384944 0.012492 0.041822
1 0.745701 0.343266 0.009401 0.040246
2 0.814815 0.303958 0.009688 0.039393
1 0.733231 0.379846 0.009784 0.042463
2 0.762344 0.388969 0.010264 0.046044
1 0.718912 0.429594 0.009753 0.046035
2 0.673969 0.520007 0.011695 0.057877
1 0.710120 0.520148 0.013512 0.052258
4 0.873132 0.387106 0.009780 0.042469
1 0.844428 0.296709 0.009361 0.036533
2 0.905277 0.405766 0.010808 0.042216
1 0.947709 0.350967 0.009361 0.040862
2 0.977250 0.316644 0.008328 0.038627
1 0.884769 0.530738 0.015842 0.057809
2 0.912343 0.488810 0.010244 0.047645
4 0.773444 0.277535 0.006584 0.031351