4 0.785110 0.868886 0.010376 0.080203
4 0.364388 0.495522 0.008373 0.036756
4 0.491415 0.330886 0.004078 0.019772
0 0.282398 0.484821 0.004822 0.005759
2 0.289148 0.478443 0.012006 0.033323
1 0.243758 0.492491 0.008698 0.029621
2 0.254294 0.489660 0.008698 0.032670
1 0.307769 0.449293 0.011883 0.022194
2 0.344470 0.449560 0.010078 0.029146
1 0.222406 0.554102 0.009331 0.040778
2 0.264588 0.544426 0.012052 0.041469
1 0.278195 0.623563 0.012441 0.046998
2 0.294912 0.649654 0.011663 0.048726
1 0.317169 0.551683 0.010691 0.046307
2 0.375869 0.437727 0.011460 0.030404
1 0.403374 0.422211 0.007581 0.026329
2 0.434405 0.452772 0.009345 0.034166
1 0.492677 0.455436 0.009168 0.035106
2 0.492765 0.551978 0.011108 0.047017
1 0.486771 0.583950 0.012166 0.048271
2 0.512953 0.615451 0.012342 0.060495
1 0.577497 0.416889 0.007002 0.033681
2 0.601042 0.386747 0.009336 0.030020
1 0.754045 0.555954 0.014736 0.054201
2 0.749599 0.447552 0.008384 0.041554