1 0.307665 0.411421 0.011393 0.032599
2 0.339077 0.503625 0.007812 0.044559
1 0.381014 0.485107 0.007487 0.040701
2 0.385245 0.532077 0.011176 0.048610
0 0.386847 0.447960 0.004406 0.007703
2 0.417324 0.462191 0.012044 0.039820
1 0.379356 0.430791 0.009694 0.033684
2 0.367275 0.439734 0.016230 0.035904
2 0.421971 0.387515 0.015196 0.031889
1 0.482100 0.375581 0.006560 0.033174
4 0.519809 0.259109 0.010334 0.028062
1 0.352498 0.625604 0.011420 0.052370
2 0.275868 0.694470 0.011550 0.052601
1 0.472294 0.640563 0.017489 0.052783
2 0.441943 0.558948 0.011693 0.045372
4 0.456636 0.509238 0.013422 0.042118
2 0.459076 0.476339 0.011795 0.041395
1 0.595387 0.438383 0.008913 0.041196
2 0.642075 0.415225 0.010147 0.038271
1 0.657269 0.464937 0.011401 0.040538
2 0.716468 0.548005 0.012863 0.046255
1 0.742828 0.560392 0.011596 0.047814
4 0.917358 0.864844 0.013502 0.057318
1 0.905432 0.512346 0.010435 0.046205
2 0.370379 0.457229 0.011422 0.034076