2 0.614155 0.500812 0.012870 0.044859
4 0.452845 0.771444 0.017165 0.064183
2 0.378923 0.681568 0.013954 0.061230
1 0.325045 0.756579 0.014951 0.062805
2 0.232463 0.574564 0.017830 0.053945
1 0.315355 0.523179 0.011517 0.050007
2 0.321169 0.519733 0.011850 0.049417
1 0.298134 0.479077 0.012957 0.049220
4 0.232297 0.458943 0.012051 0.047677
1 0.224198 0.395668 0.013772 0.042273
2 0.225535 0.348904 0.010700 0.037517
1 0.094902 0.437413 0.012583 0.044739
2 0.014153 0.414691 0.012385 0.047205
1 0.166485 0.588508 0.014302 0.057082
2 0.136744 0.361946 0.011271 0.039065
1 0.132008 0.317829 0.010892 0.039402