1 0.412339 0.433813 0.010230 0.038755
4 0.692629 0.341256 0.011083 0.023383
1 0.737385 0.446046 0.014614 0.038105
2 0.749076 0.460011 0.020460 0.039621
1 0.934495 0.388239 0.012300 0.031177
2 0.982235 0.388996 0.012300 0.032693
1 0.965672 0.546073 0.017172 0.051962
2 0.966829 0.589483 0.022896 0.060839
1 0.912391 0.572487 0.026062 0.058890
0 0.874759 0.621742 0.007794 0.013207
1 0.888521 0.603123 0.025331 0.057808
4 0.894123 0.475383 0.018024 0.044384
1 0.837127 0.523773 0.019973 0.045467
2 0.693764 0.489335 0.023677 0.049580