4 0.787632 0.452657 0.010976 0.054700
2 0.529158 0.194673 0.007917 0.033907
1 0.489483 0.264567 0.009177 0.041904
2 0.500099 0.389640 0.010256 0.048942
1 0.359717 0.387653 0.013418 0.052277
2 0.273926 0.401103 0.017701 0.053800
1 0.283061 0.283606 0.011991 0.042126
2 0.266217 0.297309 0.011420 0.044157
1 0.301619 0.229298 0.012562 0.042126
2 0.385697 0.219147 0.009421 0.040096
1 0.407109 0.206459 0.011134 0.036036
2 0.449108 0.205022 0.010625 0.037222
1 0.328008 0.180030 0.010362 0.030804
2 0.306094 0.173235 0.009343 0.031710
4 0.207398 0.287994 0.016478 0.041978
2 0.140128 0.274404 0.013420 0.043790
1 0.154482 0.181691 0.008494 0.031710
2 0.099868 0.236051 0.010362 0.038958
1 0.057144 0.209626 0.012231 0.036844
4 0.020197 0.177312 0.009683 0.033220
1 0.058758 0.283766 0.013760 0.044998
2 0.043385 0.266099 0.017327 0.044696
1 0.094771 0.426913 0.018516 0.054058