0 0.162022 0.568571 0.003819 0.005862
1 0.169408 0.555582 0.009400 0.030504
2 0.133880 0.546737 0.010127 0.033616
4 0.148050 0.508453 0.008658 0.028771
2 0.128988 0.479319 0.008584 0.026583
4 0.046369 0.459696 0.005550 0.023377
2 0.015763 0.548992 0.015279 0.038487
1 0.038134 0.496107 0.009740 0.029357
2 0.042685 0.501378 0.010272 0.029748
1 0.204336 0.468386 0.008854 0.024485
2 0.208861 0.479813 0.008067 0.026351
1 0.235060 0.541242 0.009097 0.033964
4 0.530874 0.697463 0.009355 0.049894
1 0.521795 0.503365 0.006696 0.029224
2 0.307661 0.473083 0.007455 0.025787
1 0.346608 0.560424 0.010992 0.036060
2 0.391753 0.507860 0.008362 0.029371
1 0.267516 0.483076 0.006562 0.026195
2 0.270999 0.489947 0.008454 0.026195
1 0.316542 0.473609 0.009145 0.014507
2 0.317222 0.469190 0.005253 0.024512