1 0.619673 0.494366 0.006496 0.026294
2 0.609279 0.533109 0.006308 0.029566
1 0.591788 0.522960 0.004275 0.028175
2 0.575155 0.518607 0.004691 0.029933
1 0.549009 0.498133 0.006361 0.026141
2 0.540627 0.490841 0.006393 0.026191
1 0.518730 0.473888 0.004314 0.022405
1 0.493039 0.501872 0.007093 0.026106
2 0.517757 0.516858 0.006202 0.026296
1 0.470768 0.526248 0.008438 0.029335
4 0.451003 0.496279 0.006158 0.030081
2 0.440648 0.483451 0.006377 0.026297
1 0.364646 0.464602 0.004307 0.025969
2 0.309053 0.523943 0.009538 0.033087
1 0.240126 0.535143 0.008053 0.033221
2 0.234215 0.538401 0.010685 0.033680
2 0.320271 0.459490 0.003813 0.022527
1 0.325233 0.459291 0.004093 0.022726
2 0.311132 0.459341 0.003779 0.021829
1 0.648870 0.506665 0.005928 0.024083
4 0.210844 0.459829 0.004454 0.020770
4 0.725612 0.671458 0.009156 0.043124
1 0.498374 0.474520 0.003785 0.024102
1 0.470420 0.514632 0.008302 0.030561