0 0.273696 0.670447 0.005735 0.008496
1 0.300056 0.673220 0.013281 0.043911
2 0.327811 0.712464 0.012072 0.044255
4 0.256755 0.644378 0.010410 0.045704
2 0.240479 0.623775 0.007189 0.046011
1 0.212338 0.646275 0.013331 0.042754
2 0.203146 0.627803 0.010979 0.041747
1 0.230537 0.544505 0.010861 0.037895
2 0.238536 0.470318 0.007030 0.031165
1 0.309848 0.555123 0.011994 0.039227
4 0.420880 0.818497 0.009488 0.053973
1 0.513620 0.640650 0.011141 0.053489
2 0.024050 0.613535 0.011473 0.043060
1 0.042703 0.597730 0.011339 0.041509
2 0.021865 0.488281 0.011592 0.035524
1 0.075660 0.490413 0.013983 0.034500