2 0.678150 0.501311 0.006893 0.033758
1 0.596950 0.529764 0.010831 0.035496
2 0.609062 0.567581 0.010224 0.037131
1 0.597779 0.569204 0.008544 0.035703
2 0.592092 0.647328 0.011930 0.039879
1 0.511571 0.567726 0.011201 0.036355
2 0.527859 0.502322 0.006577 0.034894
1 0.482665 0.512985 0.014065 0.034267
2 0.526007 0.459229 0.014229 0.030172
1 0.483192 0.444219 0.008657 0.022401
2 0.471877 0.462429 0.006600 0.023467
1 0.471920 0.481325 0.007029 0.030477
2 0.350816 0.616254 0.010781 0.042188
1 0.211114 0.618487 0.010611 0.038094
2 0.105028 0.622934 0.009810 0.046650
1 0.112636 0.565133 0.008432 0.042157
2 0.103785 0.555533 0.009515 0.037887
1 0.121261 0.493630 0.008681 0.037282
2 0.112537 0.480108 0.012892 0.032851
1 0.103611 0.467044 0.013211 0.031475
4 0.089311 0.381467 0.006804 0.027949
4 0.754768 0.772855 0.010448 0.047882
4 0.439149 0.507854 0.007913 0.035666
0 0.485665 0.454404 0.003367 0.005864