1 0.755494 0.521853 0.022074 0.051303
2 0.666162 0.499458 0.011017 0.044239
1 0.637478 0.613263 0.014057 0.055045
2 0.638903 0.515837 0.014247 0.050655
1 0.574223 0.521915 0.014437 0.048629
2 0.693610 0.426346 0.013867 0.044576
1 0.661413 0.421449 0.010258 0.045590
2 0.722199 0.364378 0.014817 0.042888
1 0.626271 0.357962 0.010258 0.042888
2 0.614494 0.364040 0.009498 0.044239
1 0.604376 0.351033 0.009517 0.042007
2 0.586736 0.337468 0.009353 0.038799
1 0.547928 0.367077 0.009517 0.041424
2 0.547026 0.422796 0.010338 0.045508
1 0.531191 0.334989 0.009517 0.040257
2 0.484097 0.378892 0.010502 0.044633
1 0.437003 0.369849 0.008861 0.044633
4 0.465226 0.395082 0.009517 0.040257
1 0.404595 0.272561 0.009353 0.038507
2 0.404759 0.326091 0.009681 0.045216
1 0.263476 0.373349 0.007384 0.048133
4 0.024737 0.138637 0.008770 0.034106
4 0.866736 0.657817 0.013181 0.050036
1 0.836000 0.664640 0.015047 0.055583