4 0.702350 0.786325 0.012399 0.050584
1 0.644120 0.715224 0.009466 0.049155
2 0.622760 0.703489 0.014323 0.047383
1 0.612921 0.636732 0.011334 0.045391
2 0.596045 0.639942 0.009217 0.047383
1 0.581597 0.597430 0.011209 0.042955
2 0.557622 0.548054 0.009092 0.040298
1 0.685345 0.512074 0.009217 0.038305
2 0.520071 0.505210 0.006726 0.035205
1 0.486070 0.518606 0.006726 0.036312
2 0.479718 0.620015 0.015195 0.043398
1 0.514404 0.646806 0.014323 0.044726
2 0.440797 0.712235 0.015319 0.045391
4 0.426363 0.590958 0.009160 0.042895
2 0.433401 0.547468 0.012064 0.038129
1 0.344912 0.572870 0.007743 0.040965
2 0.331431 0.601231 0.008956 0.041297
1 0.293089 0.626523 0.014553 0.043121
2 0.282220 0.662761 0.012221 0.048594
1 0.262256 0.731091 0.013900 0.050584
2 0.132464 0.602162 0.009252 0.047051
1 0.282653 0.459098 0.008822 0.035575
4 0.147783 0.379917 0.005066 0.027396
2 0.433645 0.813673 0.015356 0.055082
0 0.343347 0.869356 0.008674 0.012667