1 0.419530 0.435101 0.011869 0.035299
2 0.633197 0.571620 0.013689 0.051517
1 0.616352 0.549338 0.010045 0.049936
2 0.660664 0.513703 0.010133 0.050726
1 0.702353 0.471036 0.012622 0.048198
2 0.756443 0.460764 0.014133 0.045670
1 0.761372 0.373618 0.011264 0.039312
2 0.838700 0.348152 0.011557 0.032018
1 0.942481 0.745754 0.032543 0.079696
1 0.706852 0.407448 0.015311 0.040084
4 0.987849 0.458968 0.021899 0.047478
1 0.991854 0.492203 0.013887 0.049377
2 0.931232 0.399263 0.011217 0.040115
4 0.768738 0.317323 0.005868 0.026840