2 0.080752 0.646350 0.015170 0.047169
1 0.184199 0.593625 0.013367 0.047861
2 0.238325 0.651861 0.012425 0.049200
1 0.269860 0.649853 0.014496 0.050539
2 0.253669 0.580906 0.017132 0.049200
1 0.308925 0.622408 0.012425 0.053886
2 0.311466 0.586763 0.013367 0.046188
1 0.355991 0.593457 0.017320 0.048196
2 0.319562 0.439164 0.011108 0.034808
1 0.342059 0.493049 0.011672 0.038824
2 0.407105 0.446694 0.008472 0.035812
4 0.429603 0.533380 0.013179 0.045184
2 0.452288 0.484682 0.010355 0.041502
1 0.479116 0.409711 0.009037 0.032131
2 0.484011 0.481000 0.015814 0.039494
1 0.490506 0.544759 0.012614 0.049869
2 0.578332 0.586931 0.010543 0.053886
1 0.610525 0.591616 0.012425 0.055224
2 0.732060 0.570032 0.021183 0.059430
1 0.649148 0.415866 0.013570 0.037070
1 0.757502 0.448640 0.010620 0.042600
2 0.791403 0.480591 0.014160 0.049378
4 0.779904 0.865204 0.013537 0.083396
0 0.074077 0.670744 0.006394 0.009229
4 0.528698 0.327408 0.005972 0.024196