4 0.781907 0.374464 0.009293 0.030840
4 0.555242 0.302023 0.006064 0.027352
0 0.619334 0.374846 0.003592 0.006773
1 0.698905 0.351529 0.006390 0.029167
2 0.687593 0.334643 0.008290 0.027325
1 0.655730 0.313305 0.007426 0.025176
2 0.599775 0.335103 0.009498 0.027632
1 0.616009 0.360126 0.008808 0.025483
2 0.548138 0.412780 0.006735 0.033772
1 0.669114 0.394359 0.007944 0.031930
2 0.864433 0.461211 0.007680 0.035794
1 0.794378 0.438886 0.010794 0.036901
2 0.764073 0.459550 0.008303 0.032473
1 0.730239 0.495345 0.011209 0.039116
2 0.750440 0.367009 0.006408 0.029935
1 0.755730 0.354757 0.006258 0.028213
2 0.897058 0.446598 0.009540 0.037166
1 0.875746 0.398877 0.006901 0.033738
2 0.861640 0.399960 0.007307 0.030851
1 0.844032 0.354224 0.009032 0.027424
2 0.952488 0.548006 0.010005 0.038113
1 0.569961 0.542350 0.011384 0.039681
2 0.868859 0.679036 0.014220 0.044941
1 0.380965 0.419728 0.011183 0.035344