1 0.360127 0.451196 0.008519 0.035821
2 0.494477 0.497374 0.010770 0.039117
1 0.517869 0.500446 0.007734 0.037545
2 0.535371 0.553801 0.012621 0.042916
1 0.527094 0.453652 0.008878 0.036907
2 0.547288 0.416328 0.007792 0.035413
1 0.546986 0.430844 0.006943 0.035551
4 0.632957 0.433456 0.007824 0.037759
1 0.607641 0.337971 0.011747 0.025904
2 0.693374 0.396584 0.009192 0.035575
1 0.692715 0.400412 0.010997 0.033249
2 0.704790 0.331240 0.010380 0.027464
1 0.682286 0.363435 0.006927 0.030562
2 0.649443 0.313295 0.008784 0.027617
0 0.651052 0.369186 0.002867 0.006050
2 0.646737 0.359434 0.006940 0.029668
1 0.642518 0.359040 0.006382 0.030888
4 0.606611 0.303247 0.006625 0.027524
1 0.777584 0.325318 0.009985 0.031645
2 0.862573 0.335262 0.010612 0.034646
1 0.782205 0.411346 0.010852 0.038271
2 0.751300 0.469395 0.014405 0.043397
1 0.885319 0.432610 0.009130 0.039453
1 0.462224 0.661003 0.012426 0.048991
4 0.878823 0.778438 0.011592 0.044595