1 0.374165 0.465219 0.009716 0.040625
2 0.668805 0.538472 0.009896 0.042544
1 0.679061 0.483132 0.010256 0.041904
2 0.686708 0.424914 0.011876 0.040625
1 0.752024 0.538792 0.014395 0.045103
2 0.774336 0.460901 0.011516 0.039025
1 0.784592 0.402203 0.011876 0.036786
4 0.724561 0.295272 0.006713 0.026718
1 0.752274 0.357809 0.009864 0.032881
2 0.807320 0.329782 0.011450 0.031942
1 0.828282 0.335262 0.010745 0.034134
2 0.840172 0.409480 0.014797 0.039770
1 0.866066 0.524407 0.018672 0.042902
2 0.867035 0.500920 0.018848 0.040397
4 0.871350 0.465377 0.011978 0.040084
2 0.795254 0.597215 0.013387 0.046973
1 0.943307 0.424824 0.010745 0.042902
2 0.959337 0.430931 0.010393 0.037578
1 0.971088 0.337618 0.010355 0.033984