2 0.018340 0.321369 0.011123 0.037812
1 0.061562 0.408268 0.012098 0.048566
2 0.125707 0.351149 0.009417 0.038443
4 0.151226 0.347734 0.008391 0.037118
2 0.181504 0.360643 0.008009 0.038312
0 0.188056 0.372421 0.003349 0.006989
2 0.128445 0.346484 0.011413 0.040394
1 0.236108 0.358831 0.007426 0.038312
2 0.227298 0.439725 0.009902 0.045301
1 0.163957 0.420699 0.013396 0.044007
2 0.187182 0.534987 0.016163 0.049443
1 0.213320 0.505736 0.011066 0.049961
2 0.267414 0.564109 0.015580 0.052808
1 0.038748 0.486636 0.010799 0.048371
2 0.026967 0.533511 0.013604 0.052859
1 0.308403 0.406388 0.012279 0.042403
2 0.317083 0.424955 0.012420 0.043908
1 0.352648 0.491068 0.014396 0.046668
2 0.600738 0.483358 0.013536 0.035029
4 0.504618 0.773643 0.011137 0.061225
2 0.127769 0.334032 0.007783 0.024351