4 0.368188 0.816781 0.014909 0.052103
1 0.035312 0.455339 0.013515 0.031027
2 0.039834 0.440204 0.011919 0.032162
1 0.047603 0.416272 0.009365 0.031595
2 0.066759 0.421758 0.009152 0.033108
4 0.121884 0.460353 0.010216 0.036135
2 0.135665 0.401042 0.008833 0.030649
1 0.145083 0.407947 0.011706 0.030838
1 0.177860 0.464231 0.011706 0.036324
2 0.237402 0.435853 0.009471 0.035568
1 0.257472 0.442814 0.011132 0.033993
2 0.288982 0.448559 0.010772 0.032078
1 0.289527 0.483593 0.012124 0.028999
2 0.302533 0.496133 0.009699 0.032526
1 0.553710 0.493773 0.007145 0.037627
0 0.202896 0.443340 0.003352 0.006272