1 0.313930 0.414338 0.013338 0.040923
2 0.413429 0.407262 0.011402 0.041306
1 0.372662 0.539784 0.019792 0.046278
2 0.550147 0.401716 0.011617 0.040158
1 0.577684 0.524677 0.011617 0.052014
2 0.606727 0.447803 0.016350 0.044365
1 0.679626 0.466968 0.015796 0.050549
2 0.712241 0.507605 0.019699 0.047245
1 0.710662 0.383216 0.010965 0.043611
2 0.722184 0.335971 0.009478 0.033038
1 0.734542 0.375947 0.008549 0.040967
2 0.787135 0.618779 0.018956 0.065416
4 0.824675 0.727640 0.032336 0.060460
2 0.838706 0.556667 0.022115 0.055504
4 0.799215 0.408490 0.011522 0.045262
2 0.808414 0.442354 0.014310 0.046254
1 0.775985 0.307393 0.008549 0.031386
2 0.846883 0.401717 0.010965 0.042950
1 0.853201 0.379747 0.013195 0.034690
2 0.881060 0.462363 0.023149 0.050264
2 0.852165 0.454825 0.016410 0.044381
1 0.857514 0.354735 0.009013 0.025092
2 0.856620 0.376107 0.010149 0.033709
4 0.616843 0.286265 0.008485 0.019536