4 0.732952 0.613751 0.010194 0.038964
1 0.558018 0.478894 0.008696 0.030137
2 0.344748 0.566550 0.015253 0.039850
1 0.337320 0.513023 0.010213 0.033719
2 0.349191 0.482133 0.007958 0.030890
1 0.334800 0.442637 0.005703 0.027353
2 0.352706 0.450182 0.006499 0.024995
1 0.375719 0.447942 0.008224 0.026645
2 0.363383 0.494513 0.010876 0.031597
1 0.374459 0.488500 0.008091 0.030890
2 0.405430 0.478242 0.006897 0.030182
1 0.464453 0.543323 0.012998 0.033012
2 0.448603 0.500761 0.008621 0.034191
1 0.448935 0.478478 0.009285 0.024995
0 0.287241 0.531233 0.004824 0.009495
1 0.299215 0.520360 0.016022 0.032466
4 0.272080 0.478246 0.010337 0.027259
1 0.289394 0.462320 0.008097 0.027871
2 0.294821 0.460329 0.006891 0.030015
1 0.201530 0.472733 0.013610 0.031547
2 0.170606 0.472121 0.011026 0.032159
1 0.142351 0.510253 0.013093 0.030015
2 0.131842 0.522504 0.013438 0.040429
1 0.079372 0.498654 0.016436 0.038047
4 0.050951 0.433670 0.009245 0.024959