1 0.672946 0.328376 0.013083 0.041282
4 0.368756 0.221855 0.009370 0.039175
4 0.030803 0.131609 0.006839 0.035816
2 0.060354 0.297536 0.008900 0.047336
1 0.121353 0.216468 0.010693 0.042621
2 0.529792 0.373173 0.008634 0.042461
1 0.542744 0.344965 0.010316 0.039072
2 0.532147 0.321044 0.011101 0.039471
1 0.539660 0.306692 0.008976 0.037878
2 0.521609 0.284681 0.007754 0.041516
1 0.465906 0.281214 0.012148 0.038193
2 0.453955 0.158439 0.005755 0.029490
1 0.453268 0.180368 0.007316 0.032574
2 0.441338 0.228514 0.008502 0.038163
1 0.424670 0.180361 0.007780 0.032937
2 0.422321 0.186774 0.006182 0.034852
1 0.428337 0.264149 0.012199 0.037614
2 0.395317 0.279396 0.012993 0.040357
1 0.231184 0.247004 0.009110 0.041950
2 0.308696 0.245146 0.010604 0.041419
1 0.330202 0.180229 0.006721 0.034781
2 0.273001 0.156333 0.009708 0.033188
0 0.278702 0.174946 0.003236 0.006751
2 0.365635 0.400212 0.011815 0.043484
4 0.799451 0.640895 0.010574 0.055350