2 0.545262 0.535346 0.010446 0.035782
1 0.446409 0.474087 0.007643 0.036914
2 0.401313 0.496507 0.011210 0.035556
1 0.344243 0.466047 0.008917 0.030800
2 0.360931 0.401390 0.009172 0.033291
4 0.376600 0.367646 0.008153 0.030120
2 0.457619 0.450760 0.012739 0.036461
1 0.521568 0.373082 0.007643 0.031932
2 0.230556 0.486222 0.012912 0.037493
1 0.240958 0.395677 0.008752 0.036473
4 0.599082 0.701384 0.015539 0.046635
2 0.562561 0.455680 0.009327 0.038934
1 0.541667 0.430321 0.009418 0.029342
2 0.535449 0.417600 0.009236 0.033163
1 0.466642 0.433408 0.009015 0.038830
2 0.377118 0.424198 0.009026 0.034542
0 0.336271 0.528019 0.004241 0.007632
2 0.278194 0.568941 0.015266 0.034523
1 0.263600 0.562895 0.011074 0.038179
2 0.289223 0.466548 0.009994 0.031075
1 0.194451 0.519715 0.014567 0.041823
2 0.183332 0.474037 0.013249 0.038315
1 0.352103 0.329630 0.013099 0.030553
4 0.260931 0.268858 0.005879 0.027040
2 0.737442 0.416672 0.009143 0.034994