2 0.401092 0.471720 0.006844 0.039602
1 0.768990 0.606937 0.010466 0.044615
2 0.767921 0.568424 0.007540 0.041614
1 0.733231 0.537214 0.009172 0.038213
2 0.746398 0.442431 0.007596 0.034512
4 0.680164 0.304640 0.006854 0.024521
2 0.792992 0.399448 0.010623 0.030461
4 0.863370 0.501187 0.010709 0.035943
2 0.849663 0.431432 0.008653 0.034725
1 0.908518 0.520225 0.008995 0.035334
2 0.960306 0.608332 0.009424 0.044625
1 0.942016 0.629426 0.012594 0.044168
2 0.952939 0.685702 0.014907 0.044625
1 0.951182 0.712888 0.013793 0.050260
2 0.977345 0.402419 0.008654 0.033359