2 0.352832 0.292044 0.007653 0.045288
2 0.717083 0.594872 0.015424 0.055562
1 0.708086 0.489577 0.013702 0.045641
2 0.703398 0.407526 0.010673 0.043077
2 0.720345 0.373039 0.010240 0.045897
2 0.723951 0.340218 0.009952 0.038718
2 0.766860 0.274193 0.007788 0.037949
2 0.755970 0.437141 0.014279 0.039744
4 0.811427 0.406757 0.011538 0.046154
2 0.838254 0.433808 0.012692 0.042820
2 0.848278 0.444321 0.012837 0.046923
2 0.866595 0.508551 0.013990 0.047179
2 0.944408 0.390987 0.011827 0.043333
1 0.926090 0.326500 0.010962 0.038974
2 0.880225 0.334321 0.014135 0.037692
1 0.887797 0.296244 0.010240 0.035385
2 0.897965 0.248295 0.012981 0.035385
4 0.754801 0.196384 0.008514 0.032436