2 0.421721 0.454553 0.010884 0.036347
4 0.666202 0.303053 0.005592 0.025376
2 0.742976 0.350075 0.006632 0.026988
1 0.700808 0.403440 0.007432 0.030166
2 0.707950 0.481940 0.008289 0.036839
1 0.746783 0.581680 0.006836 0.041113
2 0.770179 0.606251 0.010010 0.040861
1 0.766292 0.631304 0.008388 0.042253
4 0.840194 0.549202 0.008599 0.040841
1 0.848210 0.570218 0.011609 0.040522
2 0.858392 0.571467 0.009226 0.037543
1 0.894139 0.519892 0.009937 0.039027
2 0.979293 0.505582 0.009551 0.036973
1 0.923285 0.683880 0.012578 0.044265
2 0.951520 0.694299 0.010695 0.048067
1 0.981982 0.378216 0.008066 0.030331
1 0.996627 0.612740 0.006689 0.041534