2 0.751415 0.494762 0.014874 0.049225
1 0.919079 0.448149 0.011124 0.047792
2 0.727191 0.473967 0.011433 0.048341
4 0.566031 0.486878 0.014487 0.049555
2 0.535864 0.537899 0.017238 0.046621
1 0.527703 0.451994 0.012654 0.046947
2 0.548884 0.425423 0.012837 0.047273
1 0.716106 0.326523 0.011200 0.037478
0 0.468085 0.645791 0.006775 0.012365
1 0.477254 0.633185 0.018970 0.055886
2 0.337733 0.622446 0.016863 0.053902
1 0.387300 0.574600 0.018226 0.044817
2 0.482092 0.523576 0.013286 0.048148
1 0.356299 0.473611 0.015841 0.046937
2 0.284333 0.547347 0.014649 0.050268
1 0.266192 0.567787 0.020611 0.051782
2 0.367461 0.386809 0.011567 0.042934
1 0.375939 0.400876 0.016034 0.045283
2 0.450679 0.435515 0.012076 0.043479
4 0.536424 0.164071 0.008378 0.031067
2 0.529572 0.301052 0.011910 0.043729
1 0.470782 0.323639 0.010285 0.041863
2 0.299418 0.299892 0.010000 0.043286
1 0.412898 0.375643 0.011305 0.044059
4 0.941460 0.769389 0.010992 0.060573