2 0.746241 0.519390 0.009138 0.044332
1 0.717278 0.488826 0.012236 0.041578
2 0.749029 0.442291 0.008209 0.041578
1 0.769707 0.440088 0.008674 0.040477
2 0.804393 0.381435 0.013879 0.039791
1 0.855414 0.427569 0.009579 0.036838
2 0.860203 0.449029 0.009383 0.043267
1 0.866165 0.536779 0.015443 0.045699
2 0.908343 0.381338 0.009171 0.038087
1 0.925876 0.395176 0.007244 0.040005
2 0.914085 0.320919 0.006473 0.033977
1 0.960796 0.409336 0.009750 0.042494
4 0.966667 0.423221 0.009750 0.040817
1 0.962138 0.536366 0.017293 0.044184
4 0.774844 0.301455 0.007755 0.028462
1 0.459229 0.450869 0.010784 0.039054