2 0.390433 0.339559 0.010010 0.036204
1 0.618241 0.408898 0.010700 0.039885
2 0.617896 0.294151 0.009319 0.036204
1 0.624454 0.234629 0.007248 0.030068
4 0.632738 0.215300 0.008629 0.023318
1 0.697676 0.255661 0.007985 0.030679
1 0.717380 0.215595 0.011848 0.026558
2 0.724849 0.219945 0.009272 0.026100
4 0.745197 0.286797 0.012878 0.030679
1 0.792331 0.235742 0.011848 0.032968
1 0.852602 0.221547 0.008757 0.033884
2 0.866510 0.216969 0.008242 0.032968
1 0.872692 0.268940 0.011333 0.037089
2 0.876813 0.328237 0.009787 0.038463
1 0.908622 0.377461 0.014681 0.040753
2 0.785864 0.514873 0.015448 0.050457
2 0.973761 0.267058 0.007545 0.035128
2 0.747098 0.267288 0.007667 0.024825
1 0.819246 0.282542 0.011074 0.031864
0 0.715543 0.222780 0.002643 0.006693
2 0.977363 0.265532 0.007564 0.038816