4 0.897246 0.791788 0.015170 0.059114
4 0.530478 0.550324 0.011635 0.042533
1 0.335355 0.691974 0.012567 0.051445
2 0.364120 0.639504 0.012912 0.047755
1 0.434562 0.676602 0.012221 0.051855
2 0.426088 0.721181 0.015564 0.054109
1 0.335746 0.466522 0.012534 0.038043
2 0.432015 0.548205 0.010837 0.045911
1 0.551626 0.616659 0.013366 0.049901
4 0.569038 0.312279 0.007803 0.029271
1 0.457349 0.491919 0.009769 0.039963
2 0.468494 0.483235 0.008916 0.040132
1 0.488981 0.453220 0.012899 0.038108
2 0.892748 0.423272 0.012105 0.043472
1 0.642584 0.347767 0.010926 0.031506
2 0.492619 0.428585 0.007683 0.034904
1 0.501440 0.429597 0.010718 0.036591
2 0.528330 0.442918 0.010054 0.035242
1 0.580340 0.462741 0.011254 0.038774
0 0.609789 0.660716 0.005804 0.011702
2 0.595916 0.652412 0.021375 0.053225
1 0.656272 0.568234 0.013640 0.050104
1 0.730978 0.509358 0.013437 0.048796
1 0.697508 0.484377 0.011061 0.043116
1 0.868423 0.625692 0.015262 0.054265