1 0.993226 0.496593 0.010278 0.045797
2 0.957054 0.415439 0.015350 0.037255
1 0.995912 0.370353 0.008176 0.039153
2 0.937766 0.407608 0.010945 0.038204
1 0.878903 0.358726 0.009610 0.032984
2 0.862619 0.391947 0.008009 0.036306
1 0.812165 0.350421 0.008276 0.034407
2 0.809829 0.452100 0.010011 0.042238
1 0.801820 0.438219 0.015350 0.042001
2 0.758240 0.412829 0.013615 0.034407
1 0.748296 0.423151 0.008409 0.040340
2 0.734548 0.405829 0.008409 0.039390
1 0.723203 0.486745 0.013748 0.041763
2 0.734281 0.479270 0.009477 0.044374
1 0.945193 0.485662 0.012289 0.043254
4 0.889341 0.461769 0.010586 0.044809
4 0.754426 0.301708 0.008516 0.028276
1 0.419467 0.441631 0.011224 0.036583