1 0.027589 0.591766 0.014492 0.052310
2 0.090500 0.472703 0.016030 0.043721
1 0.083583 0.728786 0.022837 0.056213
4 0.119595 0.647394 0.015810 0.050358
1 0.252772 0.581812 0.012955 0.047235
2 0.269240 0.696190 0.013834 0.055042
1 0.281866 0.705169 0.011418 0.055823
2 0.296688 0.677062 0.011638 0.048015
1 0.346424 0.499053 0.011418 0.044893
2 0.382216 0.574395 0.016249 0.048015
1 0.396818 0.741083 0.016469 0.055042
2 0.477625 0.630022 0.012516 0.047625
1 0.457313 0.747719 0.017567 0.054261
4 0.577754 0.759430 0.012077 0.055823
1 0.265998 0.447639 0.008343 0.036668
2 0.615511 0.424792 0.010692 0.038771