2 0.497137 0.483976 0.007190 0.031955
1 0.422115 0.587747 0.007379 0.045074
2 0.404991 0.598679 0.012866 0.048774
2 0.334889 0.527873 0.007758 0.041710
1 0.320509 0.520977 0.009271 0.038010
2 0.280018 0.499617 0.008893 0.037001
1 0.271125 0.485153 0.007379 0.036328
2 0.259394 0.521650 0.011163 0.038010
1 0.265733 0.528209 0.007190 0.038347
2 0.226188 0.492049 0.006812 0.037337
1 0.221296 0.466425 0.011298 0.036111
2 0.226806 0.452723 0.005732 0.029706
1 0.167578 0.474981 0.006033 0.033925
2 0.152564 0.464753 0.007717 0.033426
4 0.532142 0.671061 0.009776 0.050154
2 0.043496 0.536653 0.012300 0.048593
2 0.182568 0.425396 0.006192 0.026506