2 0.068545 0.403373 0.010004 0.030050
1 0.037240 0.491990 0.009141 0.038636
2 0.059921 0.557915 0.009659 0.039862
1 0.064061 0.592411 0.010694 0.040169
2 0.109423 0.671982 0.009314 0.047835
1 0.193938 0.579993 0.011039 0.039249
2 0.206530 0.604983 0.009659 0.044462
4 0.193852 0.535838 0.010866 0.038022
2 0.183331 0.492909 0.009831 0.034956
1 0.250167 0.447681 0.007934 0.032196
2 0.280868 0.463166 0.007934 0.032503
1 0.292597 0.504868 0.011039 0.039249
2 0.298203 0.535225 0.010866 0.038636
1 0.308120 0.539211 0.009659 0.038022
2 0.304929 0.591645 0.010176 0.043542
1 0.312864 0.683328 0.010521 0.048448
2 0.317607 0.745421 0.012074 0.051207
4 0.368747 0.827138 0.012591 0.052741
2 0.581350 0.518117 0.008376 0.037424