2 0.540641 0.492465 0.007631 0.039395
4 0.227408 0.833177 0.014285 0.055022
2 0.209538 0.529772 0.007809 0.038296
1 0.216843 0.451206 0.009551 0.036189
2 0.200983 0.450401 0.011433 0.034330
1 0.188818 0.418487 0.011224 0.031232
4 0.113180 0.448025 0.008380 0.038505
1 0.114526 0.385535 0.005834 0.030726
2 0.125611 0.391952 0.006418 0.030078
1 0.094839 0.430088 0.007774 0.031793
2 0.091930 0.423633 0.009515 0.035341
1 0.049411 0.392145 0.006371 0.031266
2 0.122054 0.464978 0.010300 0.035293
1 0.033027 0.554854 0.010600 0.040110