2 0.191074 0.513374 0.010179 0.034334
1 0.235303 0.654599 0.017414 0.045887
4 0.344743 0.316210 0.004178 0.021483
1 0.363465 0.453000 0.011265 0.034213
2 0.366555 0.476573 0.009779 0.036577
1 0.372853 0.429079 0.008136 0.028928
2 0.377468 0.451192 0.009231 0.032822
1 0.404849 0.422890 0.007041 0.033517
2 0.435743 0.469614 0.008275 0.032037
1 0.430307 0.534571 0.006843 0.038603
2 0.435571 0.517205 0.008988 0.037094
1 0.464572 0.444148 0.007969 0.030428
2 0.494854 0.383477 0.007137 0.026855
1 0.556307 0.406459 0.009020 0.029196
2 0.525926 0.533003 0.011298 0.037620
4 0.540855 0.496340 0.010312 0.038258
2 0.620104 0.483143 0.012219 0.034198
1 0.419541 0.677269 0.015301 0.045925
2 0.433749 0.649008 0.013513 0.043099
1 0.462066 0.633199 0.012916 0.045749
2 0.741584 0.482567 0.008284 0.036396
1 0.758343 0.497405 0.009237 0.036616
2 0.784811 0.527857 0.011709 0.038332
4 0.988388 0.781712 0.018945 0.053903