2 0.683102 0.495953 0.009302 0.038737
1 0.635573 0.457443 0.008028 0.035566
2 0.617669 0.467976 0.007136 0.036698
1 0.566133 0.624145 0.012584 0.048809
2 0.491649 0.638494 0.011058 0.049035
1 0.216978 0.515644 0.012782 0.041353
2 0.259558 0.491170 0.010141 0.041298
1 0.295096 0.455112 0.008928 0.035750
2 0.308445 0.532699 0.008755 0.040527
1 0.209197 0.481616 0.011182 0.039140
4 0.413810 0.459706 0.010388 0.037899
1 0.469771 0.483634 0.007588 0.041432
2 0.404415 0.432164 0.008762 0.033563
0 0.387245 0.373754 0.004859 0.008075
2 0.366726 0.400092 0.013362 0.029201
1 0.375124 0.399622 0.011144 0.029013
2 0.355147 0.416614 0.007571 0.031812
1 0.258396 0.432069 0.008030 0.034376
2 0.299937 0.425223 0.009832 0.032628
1 0.321117 0.427262 0.009095 0.032919
2 0.343129 0.527028 0.011200 0.040797
1 0.503044 0.543445 0.011351 0.041854
2 0.433708 0.358637 0.006801 0.027675
4 0.991042 0.782973 0.017916 0.053859