1 0.398331 0.454949 0.013348 0.043824
2 0.598867 0.444797 0.012433 0.040104
1 0.637062 0.480344 0.017816 0.042838
2 0.611236 0.529676 0.013074 0.043066
1 0.646547 0.581401 0.011920 0.043522
2 0.686729 0.479318 0.010254 0.039420
1 0.686281 0.442405 0.015253 0.039420
2 0.623540 0.423036 0.011023 0.036230
1 0.632256 0.423606 0.009228 0.040104
2 0.665196 0.372337 0.012048 0.035091
4 0.673887 0.307378 0.010111 0.027367
2 0.714836 0.352807 0.011347 0.033370
1 0.741101 0.432995 0.007845 0.040343
2 0.741872 0.428014 0.013028 0.040343
4 0.730175 0.482801 0.012327 0.043830
2 0.739280 0.540203 0.010926 0.046071
1 0.781374 0.595115 0.012747 0.049308
2 0.847372 0.369688 0.011317 0.031418
1 0.868842 0.411854 0.011782 0.040788
2 0.926666 0.359766 0.008371 0.036379
1 0.961314 0.389255 0.011937 0.039135
2 0.994333 0.442446 0.011007 0.045198
0 0.772549 0.258114 0.002910 0.006897