2 0.187772 0.694408 0.026094 0.035543
1 0.177947 0.706659 0.013848 0.044783
2 0.181244 0.665041 0.014112 0.049707
0 0.186375 0.729661 0.005749 0.008493
2 0.216783 0.508803 0.017203 0.040722
1 0.318345 0.527993 0.012446 0.041331
2 0.349265 0.490976 0.010254 0.045784
1 0.375175 0.501483 0.009315 0.038130
2 0.375801 0.458273 0.008689 0.037156
4 0.363955 0.323972 0.007794 0.026406
2 0.439229 0.528506 0.010471 0.039393
4 0.428384 0.596820 0.011406 0.044047
2 0.421886 0.632390 0.008508 0.043714
1 0.476946 0.764473 0.013669 0.049230
2 0.504146 0.501702 0.022177 0.042544
1 0.601853 0.468953 0.011735 0.038969
2 0.590247 0.394810 0.010583 0.034392
1 0.717850 0.463423 0.011247 0.040741
2 0.797444 0.527689 0.013603 0.042358
1 0.836618 0.408527 0.010503 0.036508
2 0.944912 0.445715 0.011109 0.038836
1 0.957065 0.453535 0.012004 0.042282
2 0.971828 0.640588 0.015960 0.053871
1 0.746294 0.612516 0.016580 0.049126