2 0.433937 0.451165 0.009415 0.039601
4 0.751078 0.297047 0.008038 0.029395
4 0.794136 0.428302 0.008727 0.039601
1 0.768186 0.353591 0.008727 0.033885
2 0.805159 0.365431 0.011942 0.036335
1 0.758082 0.387885 0.013779 0.037152
2 0.706437 0.414982 0.010343 0.038373
1 0.738890 0.423776 0.007795 0.042637
2 0.718804 0.474807 0.010193 0.043969
1 0.686351 0.499856 0.011842 0.041305
2 0.698418 0.524772 0.011692 0.043170
1 0.868550 0.442430 0.010193 0.035708
2 0.885038 0.533167 0.016788 0.048233
1 0.831451 0.543693 0.018437 0.047434
2 0.883989 0.309189 0.008694 0.035176
1 0.897480 0.318782 0.008994 0.030379
2 0.978873 0.353558 0.011392 0.034376
1 0.977224 0.395929 0.012591 0.038640
2 0.962085 0.415915 0.012591 0.042371
1 0.747001 0.697236 0.016196 0.054970