4 0.211486 0.458865 0.002935 0.020722
1 0.243309 0.475264 0.007882 0.027281
2 0.254713 0.458194 0.004361 0.021765
1 0.266831 0.480407 0.007631 0.025343
2 0.244735 0.524012 0.010398 0.034139
1 0.217649 0.545181 0.007715 0.036226
2 0.294964 0.483165 0.005367 0.025790
2 0.371944 0.473027 0.003857 0.023405
1 0.382049 0.479885 0.007295 0.025492
2 0.401839 0.480928 0.004612 0.024598
1 0.426618 0.486444 0.004864 0.025492
4 0.436136 0.472506 0.004277 0.022362
1 0.448630 0.481376 0.007128 0.022809
2 0.463305 0.512831 0.005954 0.028176
1 0.485024 0.513726 0.005115 0.022809
2 0.493913 0.486072 0.004780 0.024449
2 0.496428 0.491364 0.007295 0.011181
1 0.413998 0.558821 0.007295 0.032201
2 0.517333 0.483680 0.005620 0.024555
1 0.538458 0.509378 0.005755 0.026361
2 0.628135 0.510642 0.006500 0.026240
4 0.772095 0.661528 0.008360 0.043182
1 0.336734 0.492119 0.007522 0.031647
2 0.496689 0.512483 0.005169 0.027158
1 0.425029 0.477415 0.006021 0.026759