4 0.409257 0.693200 0.011900 0.055998
4 0.223677 0.742665 0.013124 0.069064
2 0.004626 0.557865 0.009252 0.051329
1 0.006667 0.509492 0.013333 0.042192
2 0.043566 0.451041 0.009070 0.032786
1 0.081358 0.554909 0.011186 0.046492
2 0.062462 0.567405 0.018140 0.048373
1 0.121568 0.487858 0.009675 0.037623
2 0.129126 0.484230 0.009977 0.035205
1 0.177877 0.468778 0.008919 0.034936
2 0.255425 0.557059 0.010128 0.042730
1 0.260338 0.544562 0.008465 0.045686
2 0.269937 0.535425 0.008012 0.041923
1 0.272734 0.551012 0.010582 0.045148
2 0.471516 0.486918 0.006954 0.034667