4 0.427434 0.679000 0.015787 0.057854
2 0.252768 0.649784 0.015262 0.065356
1 0.033803 0.509015 0.019620 0.053409
2 0.513905 0.340584 0.013020 0.046623
1 0.332446 0.397020 0.012345 0.051271
0 0.261280 0.423944 0.007470 0.012524
1 0.155297 0.358207 0.008825 0.052616
2 0.066543 0.404094 0.010516 0.049644
1 0.066777 0.376779 0.009114 0.051929
2 0.072736 0.379583 0.010048 0.050891
1 0.092619 0.329274 0.011762 0.049733
2 0.066790 0.321080 0.009378 0.048037
1 0.213314 0.205187 0.010865 0.041798
2 0.097270 0.226245 0.012824 0.040848