1 0.609459 0.419971 0.012110 0.037676
4 0.569975 0.704109 0.016399 0.063241
1 0.424314 0.465488 0.014874 0.041496
2 0.391590 0.426636 0.010755 0.037834
1 0.352001 0.425213 0.012586 0.039055
2 0.370423 0.480133 0.015103 0.043937
1 0.424771 0.547056 0.014874 0.049225
2 0.416419 0.549700 0.023341 0.044750
1 0.216785 0.389832 0.012996 0.028806
2 0.198914 0.460510 0.013185 0.042823
1 0.251021 0.653441 0.018510 0.063559
2 0.295901 0.717000 0.022567 0.060854
4 0.128805 0.488684 0.013946 0.047782
2 0.008831 0.761241 0.017663 0.080976
0 0.039883 0.783353 0.007816 0.012017
1 0.218816 0.382296 0.012793 0.034447