4 0.517571 0.699643 0.010518 0.050050
2 0.658908 0.540754 0.012300 0.038170
1 0.409295 0.539376 0.010755 0.036273
2 0.360560 0.546314 0.009403 0.037038
1 0.340740 0.497148 0.007375 0.030701
2 0.272860 0.532438 0.009034 0.032668
1 0.262412 0.562648 0.009280 0.038240
2 0.200033 0.586849 0.009649 0.041190
1 0.177171 0.602418 0.012599 0.043266
4 0.139897 0.626946 0.012906 0.047308
1 0.166386 0.659232 0.010202 0.052006
2 0.113686 0.649453 0.014811 0.048838
1 0.035205 0.618588 0.021940 0.044577
2 0.017843 0.629678 0.014750 0.053208
1 0.034560 0.581714 0.011554 0.046434
2 0.064336 0.555820 0.017761 0.038349
1 0.004497 0.557568 0.008994 0.035727
2 0.367682 0.590827 0.011035 0.042722
1 0.320877 0.592953 0.008889 0.042177
1 0.166780 0.496507 0.008191 0.030284
2 0.141576 0.509054 0.012504 0.025947
1 0.164710 0.538912 0.008147 0.032685
2 0.122962 0.570461 0.008569 0.037489
4 0.109450 0.460949 0.006017 0.019723
0 0.513252 0.438653 0.003272 0.005243