4 0.476539 0.608093 0.012641 0.068191
1 0.347301 0.500963 0.012641 0.058505
2 0.322224 0.466690 0.011834 0.057376
1 0.357815 0.396405 0.012730 0.057057
2 0.331279 0.383495 0.014882 0.057376
1 0.304204 0.340145 0.012730 0.051638
2 0.285109 0.491872 0.015420 0.063114
1 0.234188 0.528688 0.015420 0.068532
2 0.140862 0.584789 0.023488 0.067257
1 0.132345 0.422702 0.012910 0.058651
2 0.099623 0.424137 0.019902 0.055782
4 0.058115 0.449159 0.019723 0.059289
2 0.016697 0.462706 0.021875 0.060245
1 0.122394 0.342216 0.014523 0.050682
2 0.217513 0.299663 0.012192 0.046538
1 0.262248 0.287072 0.010220 0.045582
2 0.573666 0.226260 0.009013 0.040850