4 0.782161 0.489172 0.010951 0.045347
4 0.606746 0.342117 0.004590 0.021164
1 0.354097 0.427456 0.008435 0.033937
2 0.587155 0.550256 0.014017 0.050493
1 0.561980 0.496156 0.007562 0.045247
2 0.609472 0.530419 0.012172 0.044264
1 0.580977 0.453532 0.009406 0.038690
2 0.603754 0.439105 0.006640 0.034099
1 0.618970 0.409924 0.006455 0.033444
2 0.677158 0.372710 0.004795 0.027870
1 0.672086 0.475828 0.011250 0.042624
2 0.714044 0.539764 0.011435 0.049838
1 0.728153 0.539928 0.010144 0.049510
2 0.756002 0.611405 0.014201 0.060658
1 0.735443 0.440786 0.007241 0.037430
2 0.741236 0.447717 0.007018 0.038619
1 0.968770 0.568714 0.013466 0.057499
2 0.928310 0.505871 0.011663 0.049804
1 0.897770 0.508436 0.012865 0.047667
2 0.945957 0.407198 0.010662 0.038840