1 0.048477 0.713009 0.017722 0.048335
2 0.226469 0.665364 0.013224 0.047702
1 0.171683 0.536420 0.009456 0.036840
2 0.156443 0.480713 0.009556 0.037018
1 0.097596 0.427510 0.008953 0.034694
2 0.231353 0.409410 0.009683 0.028984
1 0.196760 0.382560 0.010179 0.028248
2 0.242029 0.391608 0.007697 0.026041
1 0.279063 0.462302 0.009434 0.032956
2 0.289449 0.393447 0.007366 0.028542
0 0.221546 0.407645 0.003807 0.006326
4 0.293298 0.475176 0.008607 0.036046
4 0.499073 0.807451 0.012013 0.050631
2 0.275832 0.566069 0.010906 0.039124
1 0.390055 0.518463 0.008764 0.038778
2 0.374719 0.486091 0.008277 0.036354
1 0.359187 0.483494 0.007011 0.034969
2 0.360745 0.443937 0.008959 0.032372
1 0.416923 0.610767 0.007989 0.040512
2 0.420146 0.598177 0.006264 0.039221
1 0.624973 0.503706 0.006881 0.036197
4 0.004655 0.381423 0.007128 0.028578