1 0.429741 0.488754 0.016756 0.049200
2 0.260773 0.464991 0.010919 0.051877
1 0.263691 0.376632 0.011108 0.050539
2 0.328480 0.301546 0.009668 0.044090
2 0.445076 0.353466 0.009697 0.042999
1 0.470301 0.245531 0.009122 0.037728
1 0.567152 0.262128 0.008744 0.037609
2 0.575144 0.318458 0.007804 0.038947
1 0.563203 0.346206 0.010625 0.043627
2 0.631268 0.472117 0.009254 0.047300
1 0.696820 0.338614 0.007326 0.044215
2 0.716004 0.470575 0.011375 0.052441
1 0.813946 0.499195 0.012918 0.051413
2 0.807294 0.331588 0.010411 0.053470
1 0.809801 0.256525 0.010411 0.039074
2 0.839299 0.287030 0.010411 0.039074
4 0.850385 0.368091 0.009833 0.044901
2 0.918443 0.340157 0.010604 0.045244
1 0.928951 0.391570 0.009640 0.052099
2 0.902730 0.471432 0.013110 0.051413
1 0.907068 0.623272 0.019858 0.057583
2 0.857615 0.690281 0.025064 0.060668
0 0.332352 0.324227 0.003808 0.006135
4 0.477266 0.155819 0.008744 0.031926
4 0.941532 0.769950 0.013191 0.060927