1 0.180643 0.571450 0.011822 0.041264
2 0.252943 0.437150 0.008794 0.034600
1 0.289561 0.423823 0.009948 0.028449
2 0.297058 0.424848 0.008794 0.030499
1 0.318035 0.363336 0.010380 0.020760
2 0.282137 0.454450 0.008362 0.036907
1 0.270459 0.476876 0.008650 0.036651
2 0.313998 0.450606 0.010957 0.033831
1 0.339876 0.440995 0.010524 0.034088
2 0.357897 0.448043 0.009659 0.033831
1 0.349031 0.393323 0.007497 0.027424
2 0.375846 0.383328 0.007497 0.026911
0 0.322864 0.335400 0.003604 0.004870
2 0.337858 0.335528 0.008506 0.019991
4 0.341390 0.316947 0.006632 0.020248
4 0.419601 0.460473 0.006776 0.033575
1 0.464581 0.452272 0.009083 0.033062
2 0.458309 0.423823 0.009227 0.031525
1 0.487359 0.382687 0.007641 0.028193
2 0.603270 0.394348 0.007064 0.030499
1 0.632968 0.562992 0.011966 0.040751
2 0.651278 0.620531 0.008218 0.044083
1 0.726317 0.449196 0.008073 0.033575
2 0.732300 0.434715 0.009083 0.034344