4 0.620721 0.640977 0.017346 0.059293
1 0.646845 0.363480 0.007024 0.033721
2 0.453148 0.415828 0.011426 0.036296
1 0.417123 0.429647 0.012050 0.038626
2 0.449893 0.349806 0.004752 0.030691
1 0.428774 0.355625 0.005577 0.030433
2 0.427012 0.364826 0.008670 0.034293
1 0.416523 0.322798 0.008593 0.029016
2 0.390446 0.305433 0.006955 0.023212
1 0.398058 0.312988 0.004951 0.026248
2 0.403075 0.327749 0.006878 0.026691
1 0.345418 0.346576 0.007848 0.030230
2 0.307227 0.315482 0.006881 0.024308
1 0.290267 0.332233 0.006442 0.025555
2 0.313576 0.402081 0.011084 0.034186
1 0.238116 0.393168 0.008345 0.036176
2 0.212763 0.355779 0.009423 0.020644
1 0.113471 0.463639 0.011055 0.040270
2 0.085444 0.387153 0.009187 0.034722
2 0.157303 0.344108 0.011102 0.031491
4 0.255212 0.355398 0.006956 0.030496
4 0.124949 0.335523 0.004965 0.028528
2 0.160143 0.372858 0.008798 0.029779
1 0.257514 0.353936 0.007196 0.030675