2 0.745006 0.568110 0.014703 0.049972
1 0.819027 0.396156 0.008217 0.038184
2 0.834307 0.400897 0.016866 0.037927
1 0.966636 0.460607 0.016577 0.048178
2 0.979033 0.368351 0.011964 0.038952
1 0.809230 0.333458 0.009659 0.028966
2 0.763471 0.322270 0.006732 0.025671
1 0.715957 0.346727 0.008488 0.029487
2 0.640245 0.351497 0.010244 0.029313
4 0.603121 0.385146 0.010342 0.031395
2 0.595657 0.373872 0.008683 0.030007
4 0.548679 0.325999 0.006634 0.022375
2 0.624098 0.469530 0.010537 0.039894
1 0.573754 0.451578 0.010342 0.037292
2 0.539752 0.412638 0.009854 0.033303
1 0.505262 0.356960 0.007220 0.026711
2 0.514141 0.350109 0.009757 0.018906
1 0.514531 0.348114 0.004878 0.024283
2 0.470090 0.396767 0.007513 0.029660
1 0.445357 0.437702 0.008000 0.032088
2 0.465797 0.474387 0.010635 0.038159
1 0.434283 0.508210 0.011220 0.039200
2 0.356230 0.415847 0.006732 0.028619