2 0.360627 0.406573 0.008703 0.033042
1 0.484757 0.492850 0.022717 0.031993
2 0.503226 0.501504 0.010091 0.031469
1 0.512683 0.414533 0.012425 0.037149
2 0.566124 0.400853 0.012566 0.033886
1 0.566522 0.376205 0.009377 0.032966
2 0.613968 0.459319 0.010322 0.039760
1 0.570467 0.520925 0.015975 0.047188
2 0.682869 0.523448 0.009354 0.043987
4 0.700000 0.412221 0.010166 0.038461
2 0.676084 0.393106 0.007429 0.036839
1 0.713749 0.387661 0.011339 0.036608
2 0.763307 0.512739 0.013985 0.037833
1 0.786260 0.464907 0.010641 0.042157
2 0.821630 0.351774 0.008585 0.037494
1 0.852379 0.339166 0.011292 0.036499
2 0.911259 0.366578 0.010958 0.041099
1 0.970658 0.408747 0.012428 0.045138
2 0.960970 0.480611 0.013363 0.046801
1 0.901571 0.514108 0.017506 0.046326
2 0.864622 0.556039 0.015234 0.045138
4 0.589770 0.222545 0.004464 0.023658
1 0.561776 0.524773 0.011864 0.043047