0 0.814950 0.305474 0.004399 0.005673
4 0.820862 0.728732 0.018817 0.070622
4 0.582091 0.374555 0.010972 0.037183
4 0.630665 0.284850 0.006629 0.022757
1 0.773186 0.336154 0.009143 0.033525
2 0.730155 0.308013 0.007429 0.030071
1 0.702954 0.309232 0.007200 0.029258
2 0.680210 0.333106 0.006743 0.030274
1 0.655637 0.340319 0.007200 0.032103
2 0.842732 0.292469 0.006972 0.027836
1 0.856332 0.320102 0.007886 0.035151
2 0.870504 0.325995 0.009486 0.035964
1 0.847303 0.385019 0.011086 0.039011
2 0.796522 0.417644 0.010609 0.041650
1 0.787460 0.359950 0.008251 0.038899
2 0.635115 0.410434 0.008440 0.039076
1 0.600866 0.321718 0.006613 0.028808
2 0.571072 0.345682 0.005595 0.033330
1 0.568420 0.349170 0.009592 0.035139
2 0.546729 0.362089 0.007049 0.032297
1 0.544876 0.368613 0.007703 0.035268
2 0.529579 0.376687 0.008793 0.034880
1 0.497787 0.416605 0.013661 0.035139
2 0.469883 0.448450 0.011481 0.040435
1 0.389699 0.374955 0.009027 0.029495