4 0.883035 0.733818 0.008754 0.046209
4 0.504592 0.547819 0.012259 0.034876
4 0.458809 0.295389 0.005992 0.024539
1 0.276354 0.442477 0.008182 0.034595
2 0.483887 0.386981 0.007724 0.029834
1 0.433971 0.402560 0.007398 0.028693
2 0.426643 0.449784 0.007939 0.034885
1 0.491628 0.502682 0.009215 0.032500
2 0.418746 0.491297 0.007817 0.034883
1 0.411334 0.518502 0.006830 0.036441
2 0.421966 0.679786 0.011798 0.044539
1 0.443325 0.669326 0.009963 0.040129
2 0.412227 0.634235 0.009906 0.043864
1 0.471399 0.630574 0.010109 0.039038
2 0.498994 0.699850 0.014133 0.044492
1 0.519078 0.617709 0.013903 0.037805
2 0.420825 0.636559 0.008186 0.041587
1 0.480848 0.638110 0.013624 0.040488
2 0.757007 0.657059 0.010795 0.047594
1 0.673790 0.555412 0.007961 0.037387
2 0.790439 0.518175 0.010180 0.037264
1 0.671996 0.427904 0.009001 0.034475
2 0.613548 0.464858 0.010327 0.034968
0 0.478034 0.645402 0.004441 0.007579
1 0.517744 0.609112 0.011585 0.041540