4 0.942975 0.743343 0.013559 0.041719
1 0.853424 0.581462 0.010951 0.039144
2 0.840908 0.512548 0.011299 0.036878
1 0.845688 0.470159 0.008112 0.037187
2 0.821236 0.455840 0.009387 0.036775
1 0.806374 0.420971 0.008170 0.032757
2 0.802781 0.435032 0.009677 0.031830
1 0.766277 0.456613 0.008865 0.035848
2 0.740144 0.541751 0.011994 0.036569
1 0.724094 0.542060 0.007706 0.036363
2 0.694862 0.605669 0.011357 0.039556
1 0.583494 0.594595 0.013791 0.042337
2 0.573963 0.515998 0.011415 0.037393
1 0.551307 0.521922 0.011299 0.037908
2 0.564170 0.484992 0.008865 0.037393
1 0.534272 0.465008 0.007822 0.035127
2 0.610148 0.449814 0.009503 0.035230
1 0.642307 0.439050 0.010893 0.033478
2 0.546700 0.382806 0.010777 0.033066
4 0.450543 0.294783 0.005736 0.025341
2 0.363889 0.542318 0.014254 0.041616
1 0.683308 0.421684 0.008376 0.032322
2 0.662887 0.384226 0.008701 0.028743
4 0.722175 0.428961 0.007049 0.032223