0 0.971095 0.377423 0.005237 0.008444
2 0.978295 0.360045 0.007771 0.037322
1 0.978756 0.538694 0.013670 0.056201
2 0.826743 0.434393 0.013813 0.038986
1 0.802749 0.370597 0.008829 0.032404
2 0.785590 0.364395 0.009826 0.034176
1 0.798477 0.323257 0.006550 0.028354
2 0.757964 0.341358 0.009541 0.030632
1 0.729697 0.352750 0.012531 0.029619
2 0.695450 0.345661 0.008117 0.029619
1 0.715457 0.407812 0.012816 0.034936
4 0.665617 0.412115 0.010538 0.035442
1 0.658497 0.477810 0.009968 0.035695
2 0.611077 0.415913 0.011392 0.037467
1 0.613284 0.373002 0.008117 0.033164
2 0.632580 0.370851 0.008544 0.033417
1 0.661558 0.357180 0.008117 0.030379
2 0.671242 0.341105 0.009541 0.027088
4 0.675585 0.319839 0.007690 0.025063
2 0.595288 0.677729 0.015791 0.058731
1 0.421070 0.578183 0.014752 0.048019
2 0.503971 0.532010 0.010596 0.041370
1 0.572953 0.453149 0.009350 0.038046
2 0.389800 0.428770 0.008311 0.033613
4 0.988347 0.930014 0.023305 0.094522