1 0.313271 0.444424 0.007758 0.036328
2 0.549689 0.634979 0.007947 0.038683
1 0.510049 0.514053 0.007379 0.036328
2 0.516388 0.498243 0.009839 0.034310
1 0.524145 0.461747 0.007190 0.033974
1 0.595761 0.476547 0.007758 0.029937
2 0.598789 0.440555 0.006622 0.031283
1 0.674378 0.526331 0.007947 0.035992
2 0.635779 0.407255 0.006433 0.031955
1 0.642402 0.400863 0.006812 0.028592
2 0.547891 0.364703 0.005109 0.027583
1 0.588950 0.321984 0.005866 0.024892
2 0.695569 0.334262 0.006433 0.027246
1 0.733506 0.441565 0.007758 0.030610
2 0.737196 0.521790 0.011731 0.035656
4 0.533700 0.300120 0.005866 0.023546
4 0.641361 0.497907 0.008136 0.034310
1 0.568515 0.696872 0.011163 0.044738
2 0.758198 0.606387 0.012488 0.035319
0 0.872859 0.686108 0.003406 0.007737
2 0.986290 0.565350 0.010407 0.038683
1 0.879765 0.672821 0.014191 0.040365
2 0.869362 0.410598 0.007006 0.030603
2 0.539850 0.420220 0.007366 0.034295