2 0.034776 0.529664 0.013784 0.046125
1 0.049236 0.576270 0.010811 0.049008
2 0.056668 0.626960 0.010540 0.050450
1 0.120180 0.637530 0.011621 0.047567
2 0.154639 0.573387 0.014054 0.045164
1 0.208692 0.588762 0.012432 0.046125
2 0.151666 0.539754 0.011351 0.044203
1 0.132072 0.505880 0.010540 0.042762
1 0.081262 0.479454 0.014324 0.043723
2 0.173558 0.428284 0.009189 0.039399
1 0.169504 0.438374 0.009730 0.039399
2 0.183017 0.494830 0.010811 0.043723
1 0.193017 0.476812 0.014594 0.041321
2 0.261529 0.451587 0.008378 0.041801
1 0.259211 0.496031 0.010313 0.046125
2 0.236230 0.549735 0.009988 0.050195
1 0.271668 0.538466 0.008259 0.045415
2 0.273493 0.501076 0.011140 0.039610
4 0.212029 0.460442 0.008451 0.043024
4 0.156456 0.319311 0.006113 0.028745
1 0.688261 0.492833 0.008873 0.043468
1 0.142770 0.502306 0.011664 0.047894
4 0.162125 0.825750 0.012556 0.058848