4 0.724009 0.671894 0.011556 0.041327
0 0.491022 0.516743 0.002368 0.004116
4 0.256431 0.537608 0.007733 0.035300
4 0.150858 0.459492 0.006413 0.022597
1 0.150834 0.479995 0.006822 0.025638
2 0.143400 0.505944 0.008189 0.031005
1 0.132550 0.511223 0.006887 0.030223
2 0.136161 0.535350 0.006499 0.034251
1 0.130791 0.532646 0.008296 0.035725
2 0.123988 0.559661 0.006700 0.036448
1 0.166605 0.601280 0.013353 0.042026
2 0.212490 0.630991 0.008986 0.043587
1 0.188106 0.559744 0.007695 0.036649
2 0.200897 0.538865 0.006706 0.033067
1 0.223871 0.503956 0.006677 0.030445
2 0.231848 0.507463 0.007197 0.030060
1 0.195737 0.466887 0.008603 0.022787
2 0.302079 0.497979 0.004461 0.025951
1 0.365705 0.461075 0.009133 0.026630
2 0.376150 0.509477 0.006241 0.027130
1 0.405233 0.487026 0.006580 0.026488
2 0.416750 0.529771 0.008556 0.029953
1 0.515903 0.591529 0.007265 0.038558
2 0.496910 0.504768 0.006375 0.027908
1 0.534365 0.490662 0.006415 0.025631