2 0.400512 0.503663 0.006539 0.032235
1 0.552776 0.509079 0.010255 0.028271
2 0.554114 0.527442 0.009363 0.029592
1 0.567267 0.519780 0.010701 0.028536
2 0.586736 0.490584 0.010701 0.021930
1 0.606206 0.485696 0.008323 0.023780
4 0.617501 0.457292 0.007431 0.019816
1 0.618021 0.476712 0.007877 0.025365
2 0.660899 0.471692 0.010701 0.022194
1 0.630877 0.577776 0.009809 0.040954
2 0.668701 0.510004 0.009958 0.030649
1 0.691589 0.541842 0.009363 0.035669
2 0.697237 0.529820 0.008174 0.031706
1 0.724361 0.495208 0.009215 0.030121
2 0.729860 0.508683 0.008026 0.028007
4 0.720794 0.523875 0.010404 0.031970
2 0.751197 0.623026 0.011961 0.042836
1 0.852864 0.552301 0.008667 0.038213
2 0.885540 0.534119 0.010921 0.035131
1 0.958432 0.506383 0.012134 0.032666
2 0.956698 0.513780 0.008667 0.032666
1 0.969352 0.610391 0.017335 0.045917