2 0.574582 0.392475 0.015197 0.034065
1 0.336876 0.459138 0.022796 0.045225
2 0.299379 0.415969 0.018501 0.036415
1 0.297727 0.506712 0.022466 0.044050
1 0.032464 0.487666 0.014047 0.042260
1 0.228731 0.441526 0.014444 0.037262
2 0.277377 0.360887 0.012606 0.034576
1 0.269094 0.643898 0.024852 0.057627
2 0.243161 0.705047 0.021970 0.067231
1 0.071902 0.647100 0.018729 0.055066
2 0.064158 0.576667 0.018369 0.056346
1 0.183544 0.513046 0.010648 0.042932
4 0.198853 0.434731 0.012121 0.039629
4 0.323479 0.711450 0.019809 0.063389
1 0.041135 0.387376 0.010283 0.033564
2 0.123791 0.461610 0.016453 0.038578