1 0.423395 0.379744 0.010558 0.035101
2 0.704269 0.298574 0.009872 0.032663
1 0.724081 0.344521 0.008364 0.036807
2 0.791609 0.282364 0.009598 0.032907
1 0.805389 0.411919 0.009186 0.041438
2 0.696933 0.426545 0.013574 0.041438
1 0.690900 0.448970 0.011654 0.042901
2 0.814781 0.588641 0.013163 0.049726
0 0.897048 0.471030 0.005759 0.008044
2 0.926253 0.486021 0.011243 0.045338
1 0.935576 0.490774 0.012066 0.043632
2 0.945860 0.454089 0.010969 0.044851
1 0.954635 0.492968 0.009324 0.047045
2 0.958611 0.349640 0.009049 0.038269
1 0.923030 0.314296 0.009735 0.036807
2 0.867432 0.267007 0.010420 0.030469
4 0.689872 0.211066 0.004936 0.023888