4 0.096798 0.384639 0.007281 0.028150
1 0.159846 0.481314 0.006704 0.033698
2 0.197929 0.499498 0.011905 0.036780
1 0.093215 0.514087 0.010749 0.040067
2 0.119509 0.555387 0.010864 0.038423
1 0.082870 0.578092 0.010633 0.043971
2 0.172501 0.682266 0.013523 0.046437
1 0.250575 0.669938 0.014563 0.045204
2 0.304203 0.611892 0.017568 0.044588
1 0.353671 0.612303 0.010633 0.044999
4 0.350261 0.580968 0.013060 0.041916
1 0.403600 0.716169 0.012482 0.042738
2 0.390367 0.793633 0.020226 0.050546
1 0.359796 0.801543 0.012714 0.053628
2 0.033808 0.656953 0.013409 0.042493
1 0.043778 0.659441 0.013059 0.047468
2 0.246133 0.537143 0.009444 0.038762
1 0.441580 0.553545 0.008387 0.037079
2 0.476342 0.527354 0.008387 0.038060
1 0.482853 0.605927 0.011036 0.039434
2 0.521247 0.747947 0.012958 0.050873
1 0.571528 0.788142 0.011204 0.046794
4 0.605274 0.815858 0.011473 0.053273
1 0.670014 0.524289 0.010452 0.037506