2 0.575840 0.394587 0.010185 0.033002
1 0.590296 0.365455 0.007064 0.026723
2 0.571486 0.360417 0.006243 0.026285
4 0.563642 0.344208 0.006325 0.021904
1 0.620534 0.352993 0.008114 0.024492
2 0.642571 0.375980 0.006655 0.026671
1 0.649663 0.377433 0.009048 0.029162
1 0.699750 0.421176 0.009672 0.032958
2 0.716499 0.345228 0.005184 0.021664
1 0.767026 0.341517 0.005790 0.019030
2 0.774869 0.376765 0.008012 0.028725
4 0.793450 0.380715 0.007608 0.030640
2 0.822602 0.350075 0.012051 0.026331
1 0.831623 0.381433 0.007742 0.030879
2 0.907161 0.394599 0.010705 0.033991
1 0.907464 0.420212 0.009964 0.034470
2 0.944709 0.424644 0.014651 0.039541
1 0.790949 0.483100 0.014851 0.043202
2 0.631131 0.494313 0.013712 0.043096
1 0.389221 0.402773 0.008382 0.032203
1 0.646484 0.419552 0.011749 0.032246
2 0.614190 0.351832 0.008304 0.023239
2 0.569353 0.436443 0.011709 0.037297
0 0.763468 0.338605 0.002168 0.005253