4 0.256212 0.605814 0.018732 0.065593
4 0.125090 0.287530 0.010707 0.048816
1 0.096940 0.423847 0.013471 0.060483
2 0.184239 0.344022 0.012262 0.050045
1 0.177677 0.285841 0.012952 0.049738
2 0.081742 0.365360 0.017615 0.055878
1 0.068271 0.353693 0.014507 0.052808
2 0.067667 0.302574 0.011916 0.052501
1 0.076734 0.284766 0.011053 0.043290
2 0.069425 0.252791 0.013010 0.041893
1 0.070468 0.236971 0.008469 0.043421
2 0.152700 0.211334 0.010678 0.039275
1 0.159389 0.230535 0.011783 0.043203
2 0.165526 0.225080 0.010310 0.044948
1 0.169024 0.255082 0.011169 0.042548
2 0.171295 0.234571 0.012028 0.041675
1 0.043773 0.188641 0.008100 0.038839
2 0.601450 0.265206 0.012382 0.048122