1 0.280112 0.434153 0.010731 0.036482
2 0.317012 0.448545 0.006589 0.035143
1 0.304586 0.403026 0.006966 0.034473
2 0.326613 0.419426 0.009225 0.031796
1 0.332167 0.403194 0.008284 0.032131
2 0.352406 0.412063 0.010355 0.031796
1 0.335838 0.431643 0.008095 0.032800
2 0.336591 0.450218 0.008472 0.038490
1 0.344593 0.448210 0.008284 0.036482
2 0.368032 0.452226 0.008472 0.035812
1 0.373962 0.449884 0.009037 0.036482
2 0.411521 0.407043 0.007719 0.031796
1 0.409450 0.449549 0.007342 0.034473
4 0.412556 0.464945 0.007531 0.036482
1 0.440796 0.449549 0.008660 0.035812
2 0.454257 0.441349 0.008848 0.037486
1 0.462729 0.446871 0.009978 0.036482
2 0.471954 0.453565 0.009225 0.035143
1 0.542557 0.439351 0.012187 0.035934
2 0.554967 0.396415 0.010849 0.031442
1 0.590042 0.442785 0.008471 0.036462
2 0.875972 0.734995 0.011366 0.047061
1 0.331280 0.302980 0.007074 0.025953
4 0.330226 0.290940 0.006171 0.024883