1 0.392607 0.420046 0.010679 0.042232
2 0.672660 0.599435 0.013730 0.045332
1 0.686064 0.513227 0.009589 0.043394
2 0.716357 0.509546 0.013948 0.042232
1 0.785021 0.518223 0.009883 0.045630
2 0.809508 0.653933 0.014899 0.047466
4 0.804492 0.543136 0.009883 0.045630
2 0.791880 0.445058 0.008851 0.041434
1 0.751094 0.424341 0.011358 0.040385
2 0.764370 0.402706 0.008408 0.037500
1 0.821309 0.414769 0.007818 0.038025
2 0.771966 0.374384 0.010621 0.035927
4 0.775359 0.292696 0.006785 0.029895
2 0.743961 0.788655 0.010782 0.056716
1 0.932798 0.615964 0.009721 0.047061
2 0.917842 0.500438 0.010320 0.043073
1 0.942519 0.401796 0.010020 0.038287
2 0.905429 0.335724 0.006730 0.032703