4 0.245571 0.320331 0.006131 0.027250
2 0.333863 0.441171 0.009144 0.038892
1 0.335214 0.483428 0.013618 0.042300
2 0.325063 0.554700 0.013568 0.048680
1 0.411711 0.594609 0.011418 0.050106
2 0.447025 0.499920 0.012392 0.042734
1 0.456109 0.509610 0.009690 0.047206
2 0.496451 0.531805 0.009317 0.043231
1 0.530551 0.489485 0.012671 0.040415
4 0.566049 0.530148 0.010621 0.045218
1 0.596049 0.482280 0.009503 0.040249
2 0.574015 0.448905 0.010714 0.039752
1 0.629108 0.502023 0.010376 0.043790
2 0.648261 0.470388 0.010473 0.042583
1 0.664359 0.496420 0.010473 0.045687
2 0.673532 0.540475 0.010036 0.048301
1 0.806646 0.499534 0.011416 0.046272
2 0.694487 0.652872 0.012643 0.052497
1 0.662158 0.715965 0.013907 0.055708
2 0.631861 0.725357 0.011469 0.059722
1 0.631892 0.780984 0.010550 0.054548
2 0.639024 0.770682 0.011887 0.053228
0 0.629663 0.795051 0.003566 0.010038
4 0.687649 0.801324 0.017608 0.057982
1 0.536965 0.666485 0.010886 0.047120