2 0.421149 0.466637 0.012362 0.039470
1 0.570706 0.645774 0.011831 0.051660
2 0.563753 0.563303 0.015775 0.046863
1 0.617927 0.589317 0.013699 0.053136
2 0.637126 0.655553 0.015152 0.054243
1 0.664836 0.590424 0.014114 0.046494
1 0.649476 0.443747 0.008302 0.039483
2 0.676355 0.504816 0.011416 0.042066
1 0.706353 0.449523 0.009132 0.043207
2 0.698837 0.418553 0.010958 0.040210
1 0.763742 0.541931 0.013768 0.044706
2 0.779336 0.586013 0.011239 0.050450
4 0.823730 0.511212 0.010677 0.046204
2 0.856463 0.601248 0.012925 0.048452
1 0.870301 0.583141 0.013346 0.055695
1 0.879503 0.388708 0.009553 0.036963
2 0.978686 0.496226 0.011520 0.047203
1 0.970608 0.673801 0.017280 0.056194
2 0.892427 0.717383 0.019387 0.059941
4 0.717465 0.301713 0.007958 0.028730
1 0.643768 0.488767 0.009340 0.039762
2 0.874726 0.452270 0.010115 0.041315