4 0.883783 0.733514 0.012257 0.046817
4 0.537645 0.410701 0.009106 0.032822
4 0.481847 0.298832 0.006079 0.027319
0 0.348961 0.334904 0.002979 0.005527
2 0.340024 0.330702 0.006735 0.028208
1 0.343100 0.345209 0.005505 0.028208
2 0.370463 0.347915 0.009715 0.031777
1 0.287789 0.406826 0.008898 0.034928
2 0.353514 0.428519 0.009075 0.031639
1 0.405715 0.428519 0.008282 0.034458
2 0.434260 0.425621 0.009515 0.032109
1 0.389856 0.484043 0.010396 0.037121
2 0.396660 0.530934 0.009391 0.036561
1 0.468734 0.624258 0.010612 0.044575
2 0.561825 0.512436 0.008062 0.036833
1 0.505715 0.386029 0.007417 0.031960
2 0.516841 0.399071 0.007900 0.033393
1 0.509585 0.440849 0.007256 0.032390
2 0.656955 0.338647 0.008461 0.029490
1 0.697200 0.403564 0.006346 0.033844
2 0.660351 0.439387 0.012803 0.035031
1 0.676827 0.454033 0.012357 0.034240
2 0.750749 0.411679 0.007014 0.032656
1 0.779416 0.512914 0.009352 0.037208
2 0.778025 0.594555 0.011022 0.044136