1 0.329896 0.455308 0.008798 0.038221
2 0.492174 0.504462 0.012089 0.040138
1 0.509981 0.455739 0.012148 0.038768
2 0.511374 0.449734 0.007467 0.033922
1 0.531196 0.437198 0.008829 0.037504
2 0.530751 0.406647 0.008059 0.036872
1 0.546485 0.424082 0.010963 0.035081
2 0.568588 0.385630 0.007763 0.031710
1 0.583491 0.355184 0.006637 0.032553
2 0.661683 0.376254 0.010844 0.034449
1 0.623313 0.415127 0.008652 0.036345
2 0.596528 0.448575 0.012326 0.039400
1 0.683017 0.466214 0.013337 0.039326
2 0.745572 0.392271 0.012054 0.036020
1 0.716110 0.335499 0.008404 0.030914
2 0.767837 0.490434 0.008163 0.044053
1 0.879859 0.435515 0.010969 0.042443
2 0.887054 0.405002 0.008195 0.041984
1 0.928027 0.474058 0.015809 0.045884
2 0.560183 0.585233 0.013492 0.043138
1 0.581467 0.605873 0.013597 0.046113
4 0.598836 0.308160 0.007283 0.028231
4 0.615504 0.466775 0.014486 0.039234
4 0.947506 0.798120 0.011624 0.059575
0 0.740137 0.404557 0.004453 0.008285