2 0.671659 0.524904 0.009545 0.036529
1 0.377926 0.503664 0.006994 0.032950
2 0.412256 0.574227 0.008743 0.041032
1 0.401065 0.613705 0.012473 0.044141
2 0.452647 0.541691 0.009559 0.033986
1 0.463896 0.527496 0.009675 0.032536
2 0.484820 0.502317 0.007227 0.030670
1 0.477476 0.478900 0.010025 0.024453
2 0.496943 0.495478 0.007694 0.030256
1 0.501780 0.504596 0.009675 0.033157
2 0.501023 0.482008 0.009092 0.028184
1 0.546659 0.514854 0.008510 0.032121
4 0.572363 0.526252 0.009559 0.031292
4 0.541763 0.453928 0.006644 0.020516
2 0.590955 0.484598 0.009675 0.024661
1 0.593403 0.480247 0.008510 0.025490
2 0.617591 0.543245 0.009325 0.037924
1 0.626334 0.529879 0.008393 0.034401
2 0.635193 0.483873 0.010258 0.027355
1 0.775003 0.592206 0.011470 0.044043
2 0.781273 0.539463 0.009329 0.039693
1 0.534869 0.593895 0.008915 0.042152
2 0.551683 0.595559 0.009527 0.038893
4 0.778918 0.747903 0.013095 0.059236