4 0.162552 0.378210 0.008530 0.027508
1 0.291007 0.505134 0.009327 0.035424
2 0.369544 0.525860 0.010387 0.039192
1 0.685745 0.691731 0.013839 0.039810
2 0.454890 0.532286 0.009576 0.036383
1 0.516568 0.557821 0.007886 0.036049
2 0.519478 0.529783 0.006947 0.034046
4 0.513188 0.485055 0.007135 0.032711
2 0.516661 0.477879 0.006947 0.031042
1 0.548017 0.488393 0.011453 0.035381
2 0.557944 0.497696 0.006242 0.033959
1 0.561671 0.499545 0.007568 0.029958
1 0.593217 0.535997 0.010284 0.035849
2 0.608088 0.538775 0.008368 0.035311
1 0.611617 0.505795 0.006554 0.034594
2 0.637882 0.509290 0.012906 0.035849
1 0.641461 0.551412 0.007763 0.037283
2 0.653386 0.512449 0.009930 0.034504
1 0.688592 0.532710 0.011284 0.032498
2 0.696999 0.510744 0.007109 0.034304
1 0.731359 0.549060 0.009253 0.034705
4 0.928825 0.748601 0.007348 0.043339
1 0.741940 0.534055 0.008081 0.034252
1 0.562502 0.496762 0.004641 0.031667