1 0.413647 0.463482 0.008606 0.037613
4 0.695141 0.304486 0.006287 0.026195
1 0.747694 0.427603 0.008841 0.034927
2 0.791113 0.378182 0.008055 0.031085
1 0.806732 0.401932 0.011002 0.033879
2 0.748284 0.508284 0.008841 0.041912
1 0.769011 0.541639 0.009823 0.041563
2 0.781290 0.585647 0.009627 0.044357
4 0.856044 0.507935 0.009037 0.037022
2 0.903293 0.482264 0.008055 0.037372
1 0.914885 0.565040 0.008841 0.042960
2 0.900445 0.595601 0.010216 0.046802
1 0.885514 0.649738 0.012967 0.042611
2 0.876476 0.708764 0.013752 0.045405
1 0.987773 0.477549 0.009627 0.038419
2 0.944256 0.371022 0.007859 0.028640