4 0.099114 0.382227 0.007937 0.028774
1 0.089333 0.505880 0.010646 0.039794
2 0.062263 0.600997 0.008189 0.045294
1 0.124047 0.711643 0.011283 0.051117
2 0.137514 0.817275 0.017470 0.055323
0 0.205575 0.828517 0.005096 0.009544
2 0.283192 0.818812 0.016561 0.052897
1 0.316950 0.759768 0.009099 0.051603
2 0.236194 0.677188 0.009008 0.047558
1 0.213310 0.611350 0.007643 0.042706
2 0.182282 0.630843 0.011829 0.041250
1 0.320953 0.668291 0.019108 0.043353
4 0.343474 0.589836 0.007734 0.040441
1 0.261990 0.510329 0.008917 0.035426
2 0.335739 0.512513 0.009554 0.037206
1 0.405303 0.501675 0.009827 0.033970
2 0.428961 0.501351 0.008371 0.036235
1 0.445749 0.526667 0.010646 0.037367
2 0.456850 0.562902 0.007916 0.041573
1 0.468633 0.576409 0.006733 0.044970
2 0.461490 0.636909 0.013194 0.043676
1 0.491199 0.704607 0.010009 0.045455
2 0.448342 0.729680 0.009099 0.048691
4 0.569388 0.802093 0.011406 0.051384
2 0.675003 0.518238 0.009329 0.039589