2 0.686409 0.511741 0.009013 0.033944
1 0.546233 0.586691 0.007590 0.042588
2 0.524056 0.533562 0.008064 0.037950
1 0.503184 0.512057 0.006641 0.038371
2 0.472350 0.485070 0.006878 0.037950
1 0.465768 0.459665 0.007946 0.032679
2 0.423194 0.460930 0.007946 0.031835
1 0.420525 0.440058 0.007353 0.029727
2 0.464997 0.565397 0.011385 0.040901
1 0.459305 0.523969 0.011385 0.036895
2 0.462863 0.662485 0.010673 0.045329
1 0.362474 0.520174 0.009843 0.036895
4 0.338697 0.468942 0.007827 0.034787
0 0.350075 0.501013 0.004253 0.006176
2 0.327654 0.491153 0.010222 0.033860
1 0.312946 0.529131 0.008310 0.036606
2 0.235511 0.528412 0.008604 0.039874
4 0.162844 0.380492 0.007356 0.027928
2 0.203810 0.511917 0.008838 0.037034
1 0.190554 0.544013 0.010605 0.041971
2 0.216246 0.579363 0.009974 0.042196
1 0.260623 0.628965 0.014140 0.048929
2 0.302475 0.667009 0.008964 0.047807
4 0.665937 0.787536 0.015019 0.049701
1 0.503609 0.499812 0.005739 0.027928