1 0.568760 0.500001 0.013262 0.037192
4 0.396283 0.817510 0.012347 0.051391
1 0.173048 0.666521 0.013318 0.045562
2 0.127269 0.644166 0.015611 0.045912
1 0.042382 0.685380 0.024781 0.047295
2 0.021907 0.482372 0.015252 0.036471
1 0.143091 0.401938 0.015212 0.026940
0 0.152050 0.414351 0.004597 0.007122
1 0.145056 0.437262 0.014926 0.030400
4 0.152353 0.524523 0.014099 0.039360
1 0.189706 0.529335 0.012901 0.037700
2 0.219756 0.429085 0.011035 0.029770
1 0.307193 0.538848 0.010867 0.041336
2 0.312375 0.530850 0.009189 0.035093
1 0.320781 0.559408 0.016336 0.038723
2 0.332785 0.503081 0.011574 0.037160