1 0.420782 0.458259 0.009157 0.040604
2 0.532480 0.571668 0.015383 0.046055
1 0.618704 0.396171 0.009037 0.037604
4 0.661696 0.305164 0.006937 0.027418
1 0.739329 0.448205 0.013146 0.038086
2 0.751328 0.501810 0.019197 0.041424
1 0.782106 0.405297 0.011199 0.026709
2 0.795983 0.404369 0.020867 0.016693
0 0.783045 0.426936 0.004173 0.006677
2 0.870022 0.515383 0.011882 0.046615
1 0.869084 0.421081 0.010006 0.028430
2 0.846868 0.357402 0.010903 0.034004
1 0.804048 0.339561 0.012970 0.032697
2 0.945065 0.374528 0.010868 0.038185
1 0.991432 0.378675 0.013174 0.040099
4 0.909397 0.432629 0.015199 0.033729
1 0.804407 0.691505 0.017035 0.054345