0 0.271110 0.629802 0.006195 0.010145
1 0.339016 0.528356 0.020054 0.053621
2 0.396487 0.441257 0.017282 0.049853
1 0.384422 0.418070 0.012717 0.048114
1 0.447756 0.560814 0.017571 0.050760
2 0.440469 0.551763 0.021764 0.041176
1 0.285385 0.625484 0.019566 0.055267
2 0.353103 0.619107 0.021522 0.056426
1 0.156143 0.547029 0.015000 0.060677
2 0.667777 0.341107 0.014609 0.045450
1 0.468615 0.387775 0.013011 0.047885
2 0.430723 0.318382 0.011642 0.047885
1 0.419881 0.325281 0.013239 0.047885
2 0.403332 0.275773 0.010728 0.046262
1 0.383130 0.259540 0.012326 0.043015
2 0.353570 0.295251 0.012098 0.046262
1 0.328783 0.330671 0.011080 0.048409
4 0.297046 0.316649 0.011831 0.044403
1 0.232351 0.290775 0.010516 0.043401
2 0.144883 0.467723 0.013422 0.059227
1 0.246267 0.177339 0.008149 0.038349
2 0.169330 0.285567 0.011025 0.047723
4 0.629830 0.681615 0.012081 0.054136