4 0.561757 0.795649 0.011616 0.051216
2 0.607170 0.508397 0.008028 0.041229
1 0.476241 0.621437 0.008665 0.043494
2 0.472291 0.603201 0.006371 0.039190
1 0.430814 0.521310 0.008537 0.038511
2 0.411506 0.481228 0.005944 0.032093
1 0.407598 0.482793 0.008035 0.034441
2 0.383106 0.432990 0.008366 0.032680
1 0.338636 0.426337 0.007045 0.030723
2 0.315631 0.397864 0.007265 0.028962
1 0.265712 0.385634 0.007155 0.030332
2 0.253934 0.429272 0.006935 0.032289
1 0.270280 0.480836 0.008586 0.031701
4 0.320089 0.482597 0.008476 0.035615
1 0.322840 0.516256 0.012438 0.037181
2 0.304898 0.548740 0.008035 0.035224
1 0.370749 0.753705 0.010462 0.050408
2 0.177044 0.535225 0.010007 0.040973
1 0.171358 0.468643 0.008643 0.033426
2 0.143686 0.435622 0.009098 0.033695
1 0.133147 0.505169 0.009553 0.038008
0 0.096812 0.466686 0.003714 0.006255
1 0.004471 0.498398 0.008943 0.035969
2 0.009390 0.606550 0.014657 0.045797
4 0.048230 0.380627 0.008108 0.028830