1 0.304914 0.425371 0.008099 0.037022
2 0.462784 0.524283 0.013988 0.032908
1 0.472881 0.589913 0.012937 0.038892
4 0.507060 0.299307 0.009525 0.022014
1 0.525529 0.310596 0.007515 0.023520
2 0.543733 0.302599 0.008785 0.024084
1 0.504838 0.347757 0.009737 0.030482
2 0.499652 0.377957 0.008044 0.028788
1 0.466259 0.356977 0.009208 0.025589
2 0.499228 0.429229 0.012489 0.031234
1 0.572839 0.392821 0.009631 0.029164
2 0.590567 0.338443 0.008467 0.028788
1 0.597658 0.362528 0.008044 0.029541
2 0.579454 0.428759 0.007620 0.032175
1 0.599669 0.416247 0.008890 0.034245
4 0.598664 0.458018 0.007726 0.031611
1 0.665712 0.312773 0.007220 0.025018
0 0.653781 0.326261 0.002692 0.004569
1 0.665651 0.371185 0.010034 0.031327
2 0.682355 0.380648 0.009667 0.030239
1 0.718209 0.431337 0.007220 0.034590
2 0.809620 0.387609 0.008199 0.031980
1 0.739563 0.567957 0.009545 0.039376
2 0.877860 0.499395 0.010923 0.034777