4 0.911103 0.793876 0.015626 0.059910
2 0.815866 0.485835 0.011462 0.044607
1 0.854743 0.426772 0.010532 0.041028
1 0.860706 0.385056 0.008519 0.039651
2 0.652097 0.358039 0.010169 0.032349
1 0.676381 0.444264 0.012711 0.037820
2 0.640591 0.446167 0.015788 0.041626
2 0.581653 0.438674 0.010035 0.037582
2 0.559510 0.410250 0.010436 0.033538
1 0.585065 0.338654 0.009633 0.029257
2 0.573960 0.341984 0.007760 0.031160
1 0.533018 0.358396 0.009366 0.030684
4 0.539908 0.303057 0.009246 0.024040
1 0.508529 0.386170 0.008900 0.034519
4 0.518873 0.438977 0.008553 0.036574
1 0.499109 0.473291 0.009709 0.040684
2 0.483448 0.412163 0.009362 0.031848
0 0.454589 0.383549 0.003894 0.006390
2 0.451345 0.429343 0.010983 0.035854
1 0.436369 0.465552 0.013978 0.037984
2 0.427333 0.462712 0.012480 0.034434
1 0.384551 0.501672 0.014377 0.036031
2 0.341969 0.456322 0.009884 0.034789
1 0.383103 0.541254 0.013678 0.041001
1 0.850256 0.405790 0.007135 0.040918