1 0.641344 0.551294 0.015612 0.039835
2 0.665894 0.474141 0.014884 0.038253
0 0.595883 0.420142 0.003802 0.005608
2 0.546256 0.441425 0.013752 0.036383
1 0.343136 0.451348 0.009222 0.032357
2 0.931465 0.455510 0.009218 0.042668
1 0.941597 0.417567 0.009052 0.040306
2 0.940019 0.361537 0.008388 0.035434
1 0.978346 0.358658 0.017440 0.022884
2 0.546891 0.496638 0.010316 0.035390
1 0.552574 0.408082 0.012011 0.033269
2 0.610529 0.367349 0.012338 0.030675
1 0.605372 0.406506 0.008483 0.033245
2 0.617662 0.405178 0.010507 0.032303
1 0.614505 0.448547 0.012579 0.035705
2 0.651579 0.357286 0.007559 0.030703
1 0.764713 0.509189 0.016444 0.040058
4 0.737630 0.417078 0.016507 0.034814
4 0.623803 0.308967 0.010344 0.026804
2 0.763297 0.367079 0.013448 0.034200
1 0.769387 0.352498 0.011639 0.031627
2 0.899111 0.384610 0.010705 0.036592
1 0.924991 0.327760 0.008719 0.031785
2 0.929157 0.320893 0.007891 0.035120