1 0.529652 0.452453 0.007888 0.031631
4 0.538946 0.426979 0.006041 0.032121
1 0.655748 0.451244 0.008984 0.031832
2 0.522700 0.362042 0.007972 0.025020
1 0.405087 0.553303 0.010817 0.038459
2 0.404887 0.494819 0.007547 0.033540
1 0.420783 0.425962 0.008191 0.029868
2 0.288502 0.425976 0.010675 0.021984
1 0.300539 0.417679 0.008767 0.030959
2 0.376965 0.384324 0.008394 0.027386
1 0.357166 0.391610 0.006122 0.028264
2 0.342824 0.472045 0.010399 0.033659
1 0.340411 0.429706 0.009192 0.030392
2 0.394094 0.393599 0.007763 0.027114
2 0.356330 0.465589 0.006653 0.035192
1 0.353990 0.441495 0.009200 0.035192
2 0.342079 0.404550 0.008378 0.029935
1 0.390583 0.371914 0.009775 0.028913
2 0.396620 0.469021 0.007228 0.034170
2 0.624656 0.419750 0.010379 0.034919
4 0.318112 0.317180 0.006529 0.023338
2 0.623480 0.410082 0.006199 0.029545
2 0.397815 0.464824 0.009325 0.034076