1 0.839376 0.816244 0.018072 0.079784
2 0.857508 0.480226 0.014473 0.047660
1 0.970876 0.322245 0.008886 0.030503
2 0.961280 0.386451 0.010696 0.041214
4 0.932806 0.389754 0.010020 0.039970
2 0.894936 0.397702 0.015055 0.040642
1 0.843763 0.349068 0.008727 0.031941
2 0.805943 0.324226 0.007895 0.026843
1 0.787753 0.346957 0.007974 0.030878
2 0.787405 0.376753 0.008612 0.032115
1 0.791225 0.414791 0.007964 0.037791
2 0.763060 0.435066 0.010103 0.041645
4 0.718150 0.318529 0.005712 0.025358
2 0.698851 0.351901 0.006643 0.030470
1 0.588623 0.488713 0.010887 0.042695
2 0.480070 0.411069 0.006837 0.035064
0 0.789411 0.358988 0.003425 0.005028