4 0.145279 0.523679 0.008200 0.038431
4 0.634481 0.782106 0.010738 0.048292
4 0.066092 0.376195 0.006592 0.025821
1 0.089840 0.460552 0.008155 0.033721
2 0.065731 0.509874 0.011346 0.039709
1 0.052552 0.443033 0.012329 0.032498
2 0.038168 0.493544 0.009636 0.038293
1 0.038735 0.563957 0.011053 0.042576
2 0.049221 0.620263 0.010486 0.044843
1 0.046883 0.633867 0.010628 0.041820
2 0.196466 0.760236 0.011239 0.050108
1 0.248645 0.647493 0.012487 0.043448
2 0.209459 0.519290 0.011313 0.037835
1 0.236249 0.460212 0.007471 0.033091
2 0.262017 0.464264 0.008864 0.032641
1 0.311969 0.540237 0.012029 0.039619
2 0.272124 0.416003 0.007082 0.028929
1 0.207259 0.383591 0.006931 0.025715
2 0.407836 0.436299 0.010506 0.029937
1 0.405055 0.493565 0.009270 0.036804
2 0.376628 0.572391 0.009270 0.037353
1 0.499077 0.716282 0.011565 0.050301
2 0.519911 0.522225 0.007056 0.038814
1 0.617409 0.490884 0.009736 0.033807
0 0.391704 0.447642 0.003621 0.005178