2 0.318469 0.325580 0.013010 0.045167
0 0.846793 0.781588 0.006104 0.008247
2 0.843456 0.757461 0.019777 0.049122
1 0.839592 0.671266 0.016773 0.051395
2 0.821977 0.626089 0.010536 0.052144
1 0.867828 0.551994 0.015424 0.052594
2 0.916671 0.621219 0.012811 0.051095
1 0.920337 0.435568 0.016267 0.046001
2 0.879248 0.429350 0.008766 0.042554
4 0.787799 0.511012 0.010957 0.047050
2 0.723996 0.453998 0.010957 0.041506
1 0.713629 0.516781 0.015340 0.049597
2 0.669969 0.408447 0.011631 0.043304
4 0.679075 0.185516 0.005082 0.030580
2 0.553078 0.485521 0.018970 0.051666
1 0.574970 0.511017 0.012520 0.051936
2 0.510965 0.603489 0.016542 0.053150
1 0.576980 0.614888 0.012900 0.053554
2 0.615565 0.636944 0.011154 0.052880
1 0.748774 0.607944 0.023270 0.051754
2 0.730100 0.710345 0.019057 0.059755