4 0.086447 0.321356 0.010473 0.028186
1 0.123101 0.391951 0.013673 0.039564
0 0.105536 0.392920 0.003657 0.008315
1 0.019858 0.406424 0.015538 0.041434
2 0.047851 0.499595 0.017757 0.047134
1 0.094464 0.489072 0.011098 0.047134
2 0.188387 0.386534 0.012149 0.034304
1 0.238128 0.383231 0.011864 0.036337
2 0.249420 0.357693 0.010720 0.032526
1 0.249420 0.335205 0.008147 0.027698
2 0.343400 0.362776 0.010291 0.032017
4 0.362696 0.383739 0.007718 0.035829
2 0.370343 0.371923 0.007861 0.033542
1 0.374131 0.427827 0.008862 0.035575
2 0.442310 0.457430 0.010291 0.041927
1 0.463679 0.478902 0.012721 0.040657
2 0.477615 0.404068 0.008290 0.039386
1 0.468039 0.381706 0.009434 0.035829
2 0.450886 0.378657 0.008290 0.036337
1 0.477615 0.350451 0.006575 0.026681
2 0.429446 0.346767 0.006861 0.029476
1 0.463322 0.328344 0.007433 0.027189
2 0.424729 0.333935 0.009148 0.026681
1 0.631967 0.408795 0.007596 0.036011
4 0.836209 0.643802 0.015141 0.049516