0 0.607491 0.668009 0.003818 0.007976
4 0.019950 0.292491 0.008165 0.032463
4 0.474452 0.476447 0.009798 0.041436
4 0.859996 0.772570 0.012174 0.053049
1 0.693501 0.512076 0.012322 0.043547
2 0.614670 0.517091 0.009650 0.040908
1 0.601309 0.509833 0.009353 0.038005
2 0.602571 0.502443 0.010095 0.042756
1 0.579461 0.467802 0.015047 0.032769
2 0.566984 0.451417 0.010658 0.037450
1 0.558583 0.463566 0.010157 0.036782
2 0.565605 0.469919 0.009655 0.038788
1 0.550245 0.437262 0.009781 0.038565
2 0.498332 0.472929 0.011034 0.039902
1 0.453442 0.462675 0.010282 0.040794
2 0.451687 0.522640 0.012288 0.044361
1 0.429054 0.527321 0.010909 0.048373
2 0.619448 0.636148 0.020290 0.038053
1 0.608021 0.648139 0.015050 0.051332
2 0.196275 0.590302 0.019107 0.057103
1 0.244620 0.550770 0.016966 0.050660
2 0.182110 0.434954 0.015154 0.046853
1 0.039957 0.471705 0.013836 0.053589
1 0.603617 0.473442 0.008038 0.030150