4 0.823673 0.657650 0.011935 0.052828
2 0.793775 0.702034 0.015710 0.058024
0 0.820690 0.728340 0.006942 0.011908
2 0.795054 0.603631 0.015101 0.051312
1 0.755230 0.543442 0.013153 0.050879
2 0.714492 0.613266 0.014005 0.051962
1 0.675864 0.500092 0.013708 0.044860
2 0.681103 0.476265 0.013010 0.043153
1 0.723489 0.364880 0.017124 0.044178
2 0.662865 0.417848 0.012108 0.046832
1 0.638895 0.424829 0.010635 0.046832
2 0.608052 0.370324 0.010569 0.044705
1 0.601447 0.374292 0.011207 0.043895
2 0.589694 0.351454 0.010478 0.039036
1 0.543592 0.389761 0.013940 0.043409
2 0.555163 0.449934 0.012300 0.047782
1 0.556306 0.553055 0.012421 0.055570
2 0.497619 0.594641 0.012628 0.057778
4 0.487165 0.476692 0.009522 0.052258
2 0.438208 0.427562 0.009729 0.048946
1 0.485302 0.334454 0.014491 0.042322
2 0.400946 0.275388 0.010971 0.041218
1 0.317603 0.353403 0.011994 0.046408
2 0.231265 0.425836 0.012876 0.053306
4 0.024911 0.140950 0.007324 0.043124