4 0.634643 0.643216 0.015937 0.056666
1 0.642242 0.365137 0.005720 0.034358
2 0.419174 0.353353 0.006141 0.032492
1 0.367524 0.347895 0.006360 0.031192
4 0.275164 0.356403 0.008517 0.029273
1 0.157271 0.496857 0.011257 0.040025
2 0.082334 0.406414 0.007528 0.033361
1 0.332920 0.410069 0.008295 0.033776
2 0.271708 0.403290 0.008697 0.035917
1 0.327488 0.328883 0.005284 0.025048
2 0.261939 0.322131 0.006494 0.023678
1 0.369977 0.311760 0.007705 0.024852
2 0.388745 0.314695 0.006935 0.026027
1 0.387259 0.338961 0.006164 0.026809
2 0.411530 0.331622 0.006715 0.026614
1 0.436352 0.362443 0.007045 0.030332
2 0.442791 0.346788 0.006715 0.029940
1 0.463155 0.410778 0.006494 0.036202
2 0.468273 0.407060 0.006164 0.034245
1 0.156865 0.343571 0.006241 0.030873
4 0.140223 0.334808 0.007507 0.025566
1 0.237031 0.351986 0.005452 0.029451
2 0.246538 0.358013 0.009227 0.018889
1 0.262685 0.357081 0.009367 0.023984