2 0.427862 0.393707 0.007476 0.037364
1 0.586692 0.579275 0.014015 0.057472
0 0.616627 0.485056 0.004532 0.008407
1 0.622356 0.404606 0.010786 0.041102
2 0.727669 0.347777 0.011173 0.039425
4 0.720390 0.276000 0.006433 0.031901
2 0.829918 0.423316 0.011511 0.043036
1 0.862836 0.338940 0.007421 0.035329
2 0.884675 0.383189 0.009673 0.039308
1 0.964213 0.347157 0.007524 0.039308
2 0.994582 0.323681 0.010836 0.032757
1 0.922064 0.509166 0.011362 0.048862
2 0.875309 0.517628 0.009366 0.048862
2 0.943966 0.583946 0.009197 0.062483