4 0.750955 0.770419 0.010773 0.047845
4 0.349800 0.479665 0.010062 0.035775
4 0.138620 0.379385 0.007926 0.028324
0 0.306192 0.692225 0.005142 0.009142
1 0.145890 0.510606 0.009546 0.040730
2 0.295683 0.457117 0.009319 0.034687
1 0.343548 0.426260 0.010136 0.029531
2 0.404213 0.425838 0.009148 0.031417
1 0.409365 0.460722 0.007573 0.033787
2 0.435158 0.500276 0.008860 0.035973
1 0.385698 0.516614 0.009035 0.035401
2 0.377394 0.583089 0.010462 0.038658
1 0.379651 0.616733 0.010667 0.042123
2 0.302517 0.603874 0.011182 0.045395
1 0.558085 0.559699 0.009525 0.034808
2 0.539723 0.562959 0.009843 0.036059
1 0.538537 0.523320 0.009481 0.035444
2 0.499040 0.519854 0.007932 0.036704
1 0.509986 0.490707 0.008821 0.033696
2 0.525194 0.470517 0.009131 0.034577
1 0.535421 0.455176 0.009496 0.031817
2 0.498303 0.469867 0.008675 0.031330
1 0.473831 0.487075 0.008127 0.034901
2 0.479492 0.443407 0.009040 0.029382
1 0.643357 0.508570 0.012737 0.036244