2 0.383205 0.468215 0.013290 0.035769
1 0.579898 0.579034 0.020346 0.042888
2 0.624986 0.500104 0.013588 0.039529
1 0.618737 0.510245 0.016931 0.037333
2 0.635232 0.452889 0.013734 0.040692
1 0.635813 0.414910 0.007630 0.035008
2 0.661008 0.407174 0.009860 0.036626
4 0.697338 0.305623 0.007986 0.027638
2 0.735968 0.331455 0.007558 0.032930
1 0.767427 0.376005 0.010306 0.034422
2 0.736305 0.433833 0.011046 0.038217
1 0.800923 0.443727 0.013680 0.038972
2 0.810694 0.505735 0.013000 0.040936
1 0.780149 0.630354 0.019882 0.048488
2 0.678315 0.589418 0.011641 0.053020
4 0.691613 0.518725 0.010873 0.044863
2 0.617527 0.715506 0.012705 0.055677
1 0.717146 0.767594 0.017137 0.057253
2 0.902642 0.447247 0.010107 0.039602
1 0.946695 0.511733 0.011504 0.050596
2 0.928502 0.655223 0.028824 0.046519
0 0.898882 0.655282 0.007305 0.010508