2 0.264613 0.321290 0.011966 0.033831
4 0.721336 0.195319 0.008218 0.031012
2 0.727463 0.329363 0.006632 0.040239
1 0.728616 0.321674 0.012110 0.038188
2 0.672895 0.388183 0.010524 0.044596
1 0.605209 0.394078 0.012110 0.041520
2 0.644711 0.441237 0.011822 0.045621
1 0.643773 0.550035 0.017156 0.049978
2 0.686231 0.526200 0.011822 0.046902
1 0.767181 0.583226 0.014849 0.049209
2 0.798393 0.541578 0.014705 0.048440
1 0.790176 0.451873 0.014705 0.044852
2 0.818937 0.362041 0.013696 0.038957
1 0.851951 0.474428 0.016291 0.049978
2 0.879631 0.396257 0.013984 0.043827
1 0.926846 0.419195 0.014993 0.045621
4 0.920142 0.367936 0.012543 0.040495
1 0.959644 0.338974 0.010236 0.038445
2 0.897076 0.277847 0.010524 0.034088
0 0.301433 0.361968 0.003106 0.005079