2 0.445181 0.384407 0.008294 0.034694
1 0.562031 0.475914 0.010408 0.044235
2 0.611877 0.410139 0.011221 0.039899
1 0.661560 0.452929 0.012035 0.045681
2 0.725474 0.412018 0.009758 0.046548
1 0.725555 0.370385 0.014474 0.037297
2 0.748730 0.370529 0.012360 0.039320
4 0.705877 0.284950 0.005692 0.024286
2 0.779305 0.341906 0.013010 0.034694
4 0.783208 0.404646 0.009758 0.043946
2 0.884120 0.430811 0.012523 0.047705
1 0.914694 0.431245 0.014474 0.044525
2 0.902497 0.503959 0.014799 0.055222
1 0.992191 0.545303 0.015618 0.055222
1 0.907051 0.358531 0.010571 0.036718
0 0.947708 0.366193 0.004066 0.007517
1 0.939333 0.358242 0.018215 0.030358
2 0.936812 0.350435 0.024882 0.035562
1 0.922419 0.402800 0.011384 0.039677