1 0.054083 0.400068 0.010295 0.031151
2 0.173851 0.409219 0.011542 0.033942
1 0.141222 0.513922 0.009277 0.039695
2 0.126066 0.570588 0.010032 0.043339
1 0.160584 0.586600 0.013052 0.043530
0 0.199254 0.585641 0.002373 0.005178
1 0.198877 0.577300 0.012189 0.042188
2 0.093059 0.693125 0.012620 0.052160
1 0.072133 0.750270 0.015856 0.050626
4 0.027098 0.611050 0.011002 0.049092
1 0.005405 0.490622 0.010810 0.036052
2 0.279669 0.508648 0.014562 0.038736
1 0.352156 0.645567 0.013699 0.046023
4 0.407168 0.814319 0.008306 0.051393
1 0.520482 0.524660 0.009061 0.039312