1 0.398639 0.470119 0.011108 0.031796
4 0.713324 0.305952 0.007531 0.028114
1 0.702311 0.354482 0.011861 0.033469
2 0.681444 0.390186 0.008429 0.036214
1 0.672593 0.425651 0.014049 0.038712
2 0.651872 0.454997 0.008851 0.040460
1 0.659809 0.472106 0.011239 0.042208
4 0.746138 0.490962 0.009413 0.043957
1 0.629815 0.529799 0.012222 0.046704
2 0.603123 0.588116 0.012222 0.048952
1 0.647376 0.616962 0.010817 0.052198
2 0.789261 0.750139 0.016785 0.060940
1 0.879498 0.541162 0.012836 0.049444
2 0.903809 0.508142 0.021005 0.046332
1 0.932497 0.463020 0.012253 0.045295
0 0.980702 0.499441 0.004724 0.008398
1 0.990988 0.482915 0.012496 0.045243
2 0.807990 0.446904 0.011265 0.041149
1 0.782802 0.400768 0.011933 0.033628
2 0.800829 0.353373 0.011679 0.034079
1 0.821014 0.307671 0.010664 0.028437