1 0.011350 0.220255 0.012780 0.040591
4 0.007688 0.178388 0.011201 0.032422
1 0.118547 0.249996 0.014934 0.043399
2 0.144179 0.196386 0.009334 0.032166
1 0.175412 0.182728 0.009478 0.029869
2 0.214112 0.159752 0.009908 0.031400
1 0.236586 0.167283 0.008616 0.030124
2 0.244545 0.218526 0.012620 0.037281
1 0.265052 0.229249 0.011320 0.034972
4 0.278970 0.207309 0.011692 0.035302
1 0.292703 0.170852 0.010578 0.031013
2 0.309777 0.173657 0.010207 0.030683
1 0.340108 0.187571 0.010408 0.031688
2 0.289984 0.203947 0.007776 0.031688
1 0.350456 0.221173 0.010527 0.039769
2 0.385985 0.246056 0.009570 0.041046
1 0.415773 0.211816 0.011963 0.036792
2 0.424864 0.259454 0.010766 0.035941
1 0.411765 0.271470 0.008254 0.036579
2 0.358950 0.318896 0.011245 0.046788
1 0.303981 0.350796 0.013757 0.046362
1 0.572878 0.209419 0.008125 0.035949
4 0.660269 0.516194 0.014656 0.061716