1 0.410643 0.353016 0.007708 0.033830
2 0.650320 0.366291 0.012044 0.038113
1 0.660196 0.305054 0.008672 0.030405
2 0.689745 0.376338 0.012203 0.035148
1 0.674391 0.430897 0.017182 0.037557
2 0.692348 0.475214 0.017886 0.041563
1 0.709678 0.253332 0.008824 0.026056
2 0.732411 0.273672 0.009721 0.029513
1 0.758060 0.284440 0.008974 0.029247
2 0.789393 0.269816 0.008525 0.029247
1 0.779372 0.334027 0.008226 0.035362
2 0.781466 0.343731 0.010320 0.028715
1 0.870878 0.211712 0.007435 0.027261
2 0.916029 0.194089 0.007900 0.027812
1 0.944529 0.226582 0.012546 0.032218
2 0.931596 0.290053 0.008364 0.032493
1 0.938489 0.283307 0.008209 0.031667
2 0.952042 0.218045 0.008364 0.032218
1 0.902786 0.476062 0.008674 0.044334
4 0.669395 0.211647 0.007066 0.022132
4 0.722219 0.322156 0.011440 0.032599