4 0.035513 0.569987 0.012904 0.049380
1 0.158438 0.633545 0.017822 0.050267
2 0.214903 0.643293 0.021763 0.048439
1 0.226470 0.715190 0.011310 0.052704
2 0.111398 0.485028 0.010111 0.041432
1 0.107800 0.417549 0.009082 0.036862
2 0.163922 0.360884 0.009596 0.033816
1 0.212504 0.437046 0.010111 0.041737
2 0.260914 0.472081 0.009596 0.035644
1 0.305983 0.521434 0.010282 0.039300
2 0.344369 0.414198 0.010282 0.038690
1 0.386696 0.577642 0.011996 0.048134
2 0.425253 0.613895 0.019536 0.049353
0 0.417020 0.635811 0.004348 0.007275
2 0.577836 0.438776 0.011478 0.034847
2 0.402934 0.804051 0.020442 0.056163
4 0.612998 0.747291 0.012080 0.056659