4 0.885891 0.788190 0.014950 0.059585
2 0.881671 0.330584 0.010851 0.036008
1 0.845382 0.359519 0.010610 0.040724
2 0.846105 0.406244 0.010127 0.041581
1 0.898912 0.463686 0.013503 0.048440
2 0.732394 0.347987 0.007917 0.033268
1 0.699556 0.354705 0.008097 0.033907
2 0.696677 0.378376 0.008817 0.032628
1 0.600593 0.363661 0.010616 0.032628
0 0.518993 0.373738 0.004678 0.009277
4 0.583409 0.306243 0.008997 0.027190
2 0.623354 0.383494 0.011876 0.037746
1 0.556419 0.404766 0.013315 0.039985
2 0.521692 0.437074 0.009716 0.032948
1 0.483006 0.453708 0.012235 0.040625
2 0.561457 0.494653 0.016554 0.043824
1 0.458355 0.510167 0.010436 0.038386
2 0.483366 0.528560 0.016194 0.040625
1 0.430826 0.572384 0.011516 0.044463
2 0.425428 0.566466 0.016554 0.040945
4 0.583769 0.527760 0.010436 0.042864
2 0.613548 0.455147 0.012415 0.040305
1 0.666808 0.533678 0.010976 0.039985
2 0.710712 0.502970 0.013135 0.039985
1 0.324966 0.470569 0.010631 0.034166