4 0.031830 0.380215 0.010284 0.026624
1 0.070668 0.432044 0.008686 0.030174
2 0.032375 0.456703 0.011002 0.033321
1 0.076789 0.504874 0.011002 0.036943
2 0.002843 0.548699 0.005686 0.037185
1 0.007520 0.597233 0.012903 0.039599
4 0.115294 0.589627 0.012224 0.039841
1 0.114886 0.561255 0.009507 0.040082
2 0.172678 0.685486 0.015619 0.042738
1 0.235020 0.618964 0.012088 0.040565
0 0.349757 0.757368 0.004709 0.008576
1 0.361817 0.752059 0.012749 0.050640
2 0.216308 0.442748 0.012374 0.032338
1 0.241902 0.404205 0.009412 0.027826
2 0.254910 0.479975 0.008143 0.033842
1 0.316672 0.421690 0.007932 0.031210
2 0.404789 0.477592 0.011078 0.035296
1 0.476940 0.632843 0.012661 0.043481
4 0.572113 0.794729 0.014219 0.048170
1 0.600483 0.515604 0.008987 0.036962