1 0.402040 0.317168 0.008294 0.041858
4 0.774392 0.201891 0.006163 0.030523
1 0.791781 0.356073 0.009685 0.039133
2 0.759864 0.351182 0.010566 0.037176
1 0.729597 0.371531 0.012547 0.039524
2 0.685133 0.455666 0.016949 0.039524
1 0.773841 0.483254 0.016509 0.039133
2 0.807630 0.439034 0.012767 0.032871
1 0.862000 0.473080 0.009685 0.045394
2 0.854625 0.438839 0.014308 0.041089
1 0.809373 0.569040 0.014366 0.049554
0 0.879487 0.527110 0.004932 0.010673
1 0.912721 0.501380 0.016081 0.041549
2 0.937915 0.410468 0.015438 0.041930
1 0.972222 0.428765 0.010292 0.041930
2 0.951745 0.499474 0.014366 0.047648
4 0.924574 0.397068 0.011925 0.039655
2 0.911635 0.519536 0.018397 0.045756