2 0.954242 0.374252 0.008508 0.038393
1 0.940574 0.383351 0.007762 0.041098
4 0.877159 0.447941 0.009889 0.046176
1 0.902109 0.520342 0.012417 0.050985
2 0.810431 0.397981 0.009260 0.039784
4 0.794649 0.313913 0.006337 0.025725
2 0.782648 0.345270 0.007029 0.036815
1 0.786367 0.359540 0.007060 0.030023
2 0.712634 0.480507 0.009277 0.042279
1 0.726524 0.520878 0.009310 0.047276
2 0.702190 0.528480 0.013510 0.050357
1 0.730329 0.626337 0.020770 0.057500
2 0.726455 0.598526 0.012628 0.051135
1 0.455534 0.433000 0.010196 0.034262