1 0.634787 0.477646 0.008964 0.039961
2 0.641878 0.439469 0.010035 0.043053
1 0.618531 0.377031 0.009901 0.040912
2 0.628498 0.373939 0.008162 0.034728
1 0.690981 0.327437 0.008964 0.034014
2 0.806715 0.456833 0.008429 0.045431
4 0.835147 0.820997 0.013112 0.061130
2 0.288109 0.659328 0.016357 0.056786
1 0.246137 0.537527 0.008333 0.046361
2 0.175001 0.430677 0.009876 0.040600
1 0.213346 0.412434 0.011882 0.038680
2 0.220059 0.387744 0.007715 0.040875
4 0.213346 0.320123 0.006944 0.030725
2 0.299374 0.345498 0.008333 0.035937
1 0.328847 0.395837 0.009259 0.036211
2 0.415645 0.365112 0.007870 0.040600
1 0.455457 0.347144 0.007870 0.035388
1 0.554863 0.341583 0.008252 0.033402
2 0.579999 0.339552 0.007236 0.036110
1 0.590536 0.321610 0.008506 0.031371
2 0.578920 0.404325 0.010156 0.038819
4 0.398883 0.396250 0.007809 0.038677
1 0.409312 0.421749 0.007403 0.038253
2 0.487906 0.393065 0.008903 0.037715