1 0.610477 0.500091 0.011027 0.041119
2 0.346771 0.492202 0.010758 0.041598
1 0.333727 0.546709 0.014254 0.039685
2 0.309656 0.540254 0.013985 0.041119
1 0.335341 0.453951 0.013716 0.038729
2 0.330466 0.416532 0.010536 0.035590
1 0.340475 0.394429 0.008640 0.034841
1 0.265350 0.423276 0.008851 0.032593
2 0.320561 0.420466 0.010115 0.034466
2 0.168520 0.483404 0.009061 0.038962
1 0.155244 0.505507 0.010326 0.038212
2 0.116365 0.461488 0.011801 0.038587
1 0.102035 0.409602 0.010115 0.031469
2 0.057856 0.668710 0.013187 0.048925
1 0.010556 0.452114 0.014907 0.040771
4 0.231248 0.443161 0.010505 0.035574
4 0.452782 0.810124 0.012593 0.053482
1 0.293732 0.391057 0.008385 0.031844
2 0.179780 0.403998 0.008131 0.032999
1 0.168415 0.379360 0.009069 0.030512
2 0.140209 0.403045 0.009301 0.035590
4 0.003988 0.379673 0.007976 0.029182