4 0.339155 0.481780 0.012564 0.044670
4 0.630692 0.734038 0.012734 0.055548
2 0.044208 0.532513 0.011840 0.040655
0 0.044562 0.538015 0.004973 0.008740
2 0.105577 0.506240 0.013153 0.044210
1 0.100257 0.445110 0.011895 0.038032
2 0.100795 0.375765 0.011393 0.032620
1 0.197738 0.398669 0.008942 0.034151
2 0.232017 0.451603 0.009141 0.038037
1 0.264267 0.353955 0.009686 0.033541
2 0.293012 0.416229 0.010401 0.037340
2 0.311287 0.381539 0.010386 0.035733
2 0.308782 0.500728 0.011258 0.044984
2 0.225402 0.547653 0.010358 0.041971
2 0.362721 0.429921 0.010130 0.039120
2 0.389666 0.454893 0.009268 0.037462
2 0.412428 0.476160 0.009248 0.042571
2 0.425751 0.563224 0.010543 0.045272
2 0.448153 0.543253 0.009387 0.040953
2 0.325071 0.792270 0.015747 0.057872
2 0.626382 0.407282 0.008994 0.038031
2 0.058490 0.700608 0.016579 0.059290
2 0.370883 0.660786 0.013465 0.050071