4 0.573358 0.535906 0.007966 0.039336
4 0.521774 0.298050 0.006601 0.025459
4 0.938775 0.739046 0.012513 0.044489
0 0.786277 0.513932 0.003704 0.006996
2 0.309825 0.431672 0.006993 0.037295
1 0.736976 0.685512 0.013078 0.045392
2 0.590124 0.659139 0.010227 0.045124
1 0.639744 0.577078 0.008827 0.037226
2 0.712829 0.530383 0.009283 0.041876
1 0.685196 0.506737 0.008460 0.039270
2 0.798204 0.501119 0.019426 0.033087
1 0.801366 0.400671 0.010803 0.030965
2 0.514719 0.611528 0.012920 0.043685
1 0.529666 0.604097 0.009627 0.043235
2 0.495343 0.546822 0.009092 0.041687
1 0.502329 0.474236 0.007712 0.035156
2 0.505344 0.462811 0.006229 0.035859
1 0.569941 0.460777 0.006939 0.033295
2 0.584346 0.447546 0.006848 0.036679
1 0.599837 0.405186 0.008305 0.033357
2 0.512415 0.421814 0.008334 0.036732
1 0.516047 0.363023 0.005905 0.030592
2 0.527096 0.316883 0.006141 0.026601
1 0.677345 0.427559 0.008613 0.034123
2 0.690222 0.342434 0.007476 0.027491