4 0.922936 0.630247 0.011927 0.050690
4 0.088335 0.318135 0.007603 0.030412
4 0.675625 0.484354 0.009593 0.040308
1 0.707851 0.467299 0.009813 0.029729
2 0.664455 0.466562 0.010089 0.040540
1 0.547822 0.405739 0.011369 0.034648
2 0.554643 0.433313 0.006821 0.040134
1 0.548147 0.485718 0.006496 0.041577
2 0.500676 0.394109 0.008772 0.033281
1 0.495566 0.402309 0.006873 0.034567
2 0.416644 0.502311 0.013810 0.049733
1 0.405090 0.427396 0.012131 0.037772
2 0.399259 0.584753 0.011571 0.054176
1 0.273945 0.473842 0.013886 0.046333
2 0.207703 0.359601 0.006555 0.032987
1 0.171753 0.382458 0.011093 0.036751
2 0.145585 0.422347 0.011597 0.044819
1 0.107618 0.423871 0.013311 0.042488
2 0.081348 0.478639 0.009983 0.049121
1 0.043079 0.475322 0.009076 0.050376
2 0.070709 0.564691 0.012504 0.057726
1 0.177396 0.595951 0.010264 0.054526
2 0.816575 0.473613 0.011490 0.034789
0 0.824623 0.492286 0.004183 0.006654
2 0.607452 0.604391 0.014801 0.055445