2 0.440278 0.473257 0.006918 0.038127
1 0.666570 0.401800 0.012868 0.034437
2 0.668576 0.496502 0.008302 0.039848
1 0.702544 0.541885 0.015912 0.045506
2 0.759549 0.499331 0.011761 0.043538
1 0.774769 0.432917 0.008717 0.039602
2 0.810882 0.391100 0.012591 0.034683
4 0.756392 0.301603 0.005009 0.027927
2 0.833740 0.499315 0.008537 0.040069
1 0.814503 0.563364 0.011497 0.045532
2 0.969541 0.484744 0.010814 0.041283
0 0.962732 0.498628 0.003976 0.006309
2 0.670885 0.706255 0.013517 0.050753
1 0.969620 0.620320 0.011463 0.057674
2 0.996057 0.600134 0.007887 0.052676