0 0.732406 0.511370 0.003718 0.005443
4 0.740607 0.465101 0.005249 0.021774
4 0.941965 0.509918 0.009709 0.031562
1 0.986717 0.506130 0.010971 0.032752
2 0.951423 0.502818 0.009108 0.034224
1 0.926273 0.489386 0.011799 0.028704
2 0.952769 0.565378 0.011799 0.037904
1 0.892946 0.594266 0.015111 0.039744
2 0.919028 0.526186 0.008901 0.033120
1 0.915923 0.532626 0.008901 0.034224
1 0.877297 0.495183 0.009826 0.030408
2 0.823982 0.509416 0.008734 0.030408
1 0.817249 0.511357 0.008370 0.034290
2 0.808151 0.476420 0.009098 0.026526
1 0.796142 0.492595 0.008370 0.029114
2 0.734624 0.498070 0.008154 0.030803
1 0.712881 0.575983 0.010192 0.040466
2 0.523653 0.504011 0.007428 0.033612
2 0.897392 0.479252 0.007206 0.028060