0 0.725949 0.510746 0.005292 0.008803
4 0.898316 0.471375 0.015065 0.039363
1 0.913723 0.571203 0.016663 0.046668
2 0.859918 0.633697 0.014510 0.053972
1 0.803776 0.481647 0.010753 0.045801
2 0.796495 0.469101 0.009185 0.046995
1 0.772076 0.467707 0.017250 0.039428
2 0.715398 0.490607 0.012769 0.040623
1 0.787422 0.378695 0.010305 0.038234
2 0.636878 0.507534 0.012993 0.044207
1 0.949728 0.433655 0.013217 0.040623
2 0.940431 0.606901 0.017922 0.048588
1 0.936286 0.357587 0.013665 0.035844
2 0.828822 0.321652 0.011923 0.032401
1 0.587161 0.573670 0.013490 0.063953
2 0.547333 0.486591 0.015417 0.047394
1 0.607557 0.363824 0.009315 0.040542
4 0.555865 0.319286 0.008433 0.031405
1 0.314019 0.488466 0.012325 0.049908