1 0.523863 0.509167 0.009731 0.037357
2 0.363792 0.498487 0.010073 0.037727
1 0.299725 0.508396 0.011954 0.042264
2 0.326400 0.521554 0.011330 0.042883
1 0.246024 0.485683 0.007845 0.033199
1 0.226742 0.496487 0.010166 0.032413
2 0.214698 0.500318 0.013039 0.033395
4 0.086351 0.512604 0.010023 0.045202
2 0.038980 0.500413 0.013188 0.038074
1 0.121694 0.503226 0.011500 0.029072
2 0.182779 0.518419 0.010656 0.041825
0 0.161569 0.509773 0.003428 0.007236
2 0.174672 0.498348 0.013068 0.027547
4 0.674037 0.619894 0.014543 0.057268
2 0.317321 0.557556 0.010675 0.049715
2 0.120758 0.500614 0.009049 0.024914