4 0.910028 0.642327 0.011774 0.049978
4 0.685992 0.279908 0.007694 0.032722
2 0.724736 0.818072 0.015697 0.057646
1 0.746009 0.691765 0.013631 0.053974
2 0.823149 0.678914 0.017968 0.052506
1 0.771234 0.598327 0.012440 0.049639
2 0.763217 0.543896 0.012993 0.046444
1 0.591448 0.474079 0.010791 0.045017
2 0.514311 0.621976 0.014262 0.051245
1 0.765776 0.389257 0.008588 0.037845
2 0.322472 0.489108 0.009451 0.045443
1 0.992727 0.840702 0.014547 0.056112
2 0.970996 0.675707 0.011925 0.048011
1 0.850255 0.709858 0.017622 0.049812
2 0.893908 0.532564 0.008563 0.044246