0 0.235318 0.535289 0.005020 0.005149
4 0.250843 0.737779 0.013011 0.060465
2 0.551170 0.517115 0.007626 0.028838
1 0.006245 0.522743 0.008232 0.035509
1 0.014053 0.524465 0.010532 0.036370
2 0.026946 0.518332 0.010169 0.037876
1 0.035117 0.527370 0.012953 0.036155
2 0.077304 0.544479 0.009684 0.038952
1 0.104602 0.496058 0.009321 0.031635
2 0.129478 0.531352 0.008958 0.033357
1 0.135410 0.531674 0.010169 0.035724
2 0.113923 0.469372 0.007142 0.027331
1 0.161860 0.471417 0.006900 0.028407
2 0.194437 0.482755 0.006145 0.028986