4 0.680126 0.673171 0.015300 0.058902
2 0.060459 0.440674 0.013408 0.045987
1 0.048534 0.374647 0.010442 0.040502
4 0.060637 0.321859 0.009493 0.028166
0 0.300700 0.335219 0.002596 0.004060
2 0.305960 0.324761 0.011929 0.024951
1 0.315577 0.328489 0.014879 0.023024
2 0.325090 0.375041 0.008122 0.035509
1 0.229142 0.564768 0.013558 0.054339
2 0.184146 0.453213 0.010965 0.041534
1 0.200593 0.431021 0.010121 0.045133
2 0.182332 0.360923 0.007169 0.034187
1 0.195869 0.352601 0.012483 0.032538
2 0.239230 0.324947 0.008133 0.025280
1 0.279036 0.337502 0.008798 0.029254
2 0.360526 0.469374 0.009284 0.040540
1 0.378192 0.451989 0.011267 0.039098
4 0.343581 0.400873 0.008202 0.038777
1 0.382544 0.377921 0.007893 0.036778
2 0.399886 0.359989 0.006986 0.029736
1 0.439501 0.397078 0.009028 0.037300
2 0.473357 0.427878 0.007693 0.038543
1 0.478157 0.436186 0.008265 0.039108
2 0.491636 0.472751 0.008901 0.041030
1 0.633907 0.404072 0.006554 0.034787