0 0.797887 0.455746 0.005335 0.009691
2 0.804788 0.436054 0.016354 0.047838
1 0.850835 0.301819 0.010787 0.028868
2 0.770224 0.371514 0.011251 0.036703
1 0.745287 0.372957 0.010323 0.036703
2 0.691466 0.447352 0.009114 0.045821
1 0.746931 0.386848 0.011534 0.036708
2 0.666546 0.380772 0.009114 0.039746
1 0.659212 0.337988 0.006693 0.030126
4 0.624181 0.379380 0.011819 0.035948
1 0.582458 0.366469 0.015522 0.036961
2 0.607307 0.419758 0.010822 0.041771
1 0.582885 0.381405 0.010680 0.038986
2 0.352084 0.380813 0.009422 0.034251
4 0.677571 0.283685 0.006750 0.023501
2 0.554039 0.431210 0.009476 0.042545
1 0.541648 0.405078 0.009476 0.023972
2 0.530228 0.437581 0.008018 0.037146
1 0.521725 0.467601 0.007532 0.041898
1 0.884791 0.485377 0.018935 0.047876
2 0.906566 0.366436 0.009047 0.038899
1 0.937704 0.407580 0.010309 0.044883
2 0.954325 0.479580 0.014517 0.050494
1 0.720458 0.547643 0.015194 0.052922
4 0.967574 0.755993 0.015283 0.069246