1 0.235471 0.503580 0.014161 0.049039
2 0.298975 0.577270 0.016964 0.048515
1 0.341310 0.573860 0.013423 0.045892
2 0.344777 0.549603 0.011801 0.042483
1 0.365723 0.568091 0.012391 0.038025
2 0.390579 0.505809 0.016374 0.045630
1 0.419860 0.451394 0.011211 0.040647
2 0.406879 0.570320 0.012096 0.047203
1 0.432103 0.622244 0.011506 0.055071
2 0.491255 0.537540 0.013571 0.045105
1 0.416541 0.716519 0.019029 0.051137
2 0.349294 0.750281 0.011829 0.058206
1 0.297753 0.723619 0.012674 0.052949
2 0.262161 0.702027 0.012463 0.051071
1 0.666647 0.660681 0.012818 0.053954
2 0.682858 0.679280 0.020736 0.051608
1 0.805262 0.516975 0.014868 0.045232
2 0.700584 0.466799 0.009640 0.043873
1 0.893141 0.537425 0.016150 0.050061
2 0.863810 0.756249 0.018585 0.064113
4 0.510189 0.641963 0.014959 0.053671
4 0.411471 0.322394 0.006775 0.030916
1 0.660283 0.815049 0.016205 0.062364