4 0.337757 0.826609 0.014017 0.053462
0 0.109472 0.730299 0.004958 0.008722
1 0.112442 0.715564 0.013478 0.051412
2 0.122179 0.672178 0.017784 0.048248
1 0.099532 0.609686 0.013060 0.041826
2 0.198565 0.638797 0.012084 0.045023
1 0.294004 0.679803 0.009495 0.048917
2 0.304080 0.556992 0.010658 0.043061
1 0.272495 0.488783 0.009883 0.037549
2 0.165550 0.453422 0.008771 0.034124
1 0.151567 0.477377 0.007246 0.035480
2 0.058899 0.561218 0.009025 0.040903
1 0.025152 0.507391 0.010320 0.038341
2 0.166275 0.795667 0.015001 0.055138
1 0.029544 0.741970 0.011149 0.056580
2 0.583283 0.536194 0.009423 0.038500