4 0.904340 0.906978 0.026477 0.094140
4 0.546736 0.477861 0.011859 0.042447
1 0.674420 0.409692 0.010752 0.038231
2 0.588807 0.378524 0.006504 0.029602
1 0.535028 0.419987 0.009308 0.035331
2 0.540479 0.403514 0.007966 0.033393
1 0.602532 0.454796 0.007463 0.039058
2 0.611798 0.442721 0.007212 0.034288
1 0.910923 0.537802 0.019756 0.049414
2 0.780032 0.435578 0.012330 0.044638
1 0.752850 0.520769 0.008855 0.049620
2 0.731019 0.326637 0.007817 0.028105
1 0.652194 0.395710 0.008237 0.033013
2 0.925043 0.381315 0.008484 0.039745
0 0.918807 0.537798 0.005621 0.012335
2 0.379936 0.432087 0.009960 0.033117
1 0.510313 0.473552 0.009461 0.044377
2 0.452033 0.494680 0.012490 0.041374
1 0.462922 0.525805 0.009715 0.045170
2 0.452406 0.585874 0.013238 0.051812
1 0.453687 0.634080 0.013878 0.054849
2 0.511282 0.690637 0.019323 0.057506
1 0.533861 0.556456 0.012170 0.048017
2 0.667229 0.524716 0.010268 0.050936
4 0.640787 0.321716 0.006622 0.025709