2 0.972044 0.483194 0.012372 0.051320
1 0.888842 0.359137 0.009146 0.039074
2 0.879475 0.326751 0.010768 0.035140
1 0.843851 0.346025 0.006195 0.034878
2 0.819586 0.300395 0.007523 0.031207
1 0.809334 0.329504 0.011801 0.032256
0 0.801221 0.328667 0.003835 0.006980
1 0.848998 0.569812 0.011557 0.046063
2 0.783605 0.424876 0.010306 0.038359
1 0.757004 0.318272 0.008485 0.030911
4 0.743373 0.387388 0.009320 0.037093
1 0.729120 0.378605 0.009774 0.038576
2 0.702143 0.351324 0.009774 0.037533
1 0.676535 0.343157 0.010165 0.031625
2 0.708303 0.492076 0.013437 0.041346
1 0.603118 0.470244 0.007507 0.039503
2 0.611075 0.432743 0.010810 0.038702
1 0.616480 0.410589 0.009308 0.037100
2 0.375864 0.446275 0.007506 0.038668
2 0.653913 0.340473 0.008716 0.031915
1 0.621391 0.389386 0.010277 0.035384
2 0.684874 0.434252 0.010277 0.040472
4 0.674123 0.294747 0.008814 0.026234