4 0.963206 0.755975 0.013268 0.077139
2 0.825235 0.639948 0.020261 0.066301
1 0.832855 0.493320 0.012192 0.056101
2 0.817794 0.468298 0.012910 0.051320
1 0.899734 0.422716 0.010758 0.049407
2 0.918740 0.400244 0.014703 0.042076
1 0.964999 0.457620 0.015420 0.052276
2 0.884314 0.364384 0.009682 0.039844
1 0.873556 0.376975 0.013268 0.040801
2 0.747329 0.369643 0.011834 0.039526
4 0.629708 0.424947 0.011834 0.043670
2 0.661803 0.398331 0.013627 0.037613
2 0.351326 0.394825 0.012872 0.038047
1 0.431969 0.424739 0.011321 0.041631
2 0.481595 0.408610 0.010701 0.036393
1 0.503850 0.393033 0.009615 0.037771
2 0.506952 0.477812 0.012717 0.047972
1 0.438482 0.507312 0.017214 0.040804
2 0.337523 0.566588 0.015043 0.055141
1 0.421113 0.562177 0.013802 0.047421
2 0.445694 0.559006 0.011476 0.057622
0 0.456239 0.566726 0.005583 0.011304
2 0.514783 0.550184 0.019075 0.051005
1 0.645709 0.533131 0.013456 0.055533
4 0.602312 0.287374 0.006212 0.023157