1 0.251229 0.446415 0.011950 0.021006
2 0.468483 0.518924 0.009103 0.037697
1 0.464708 0.464747 0.008659 0.035131
2 0.455938 0.453991 0.006217 0.036907
1 0.461711 0.410570 0.007771 0.032170
2 0.476587 0.400209 0.008437 0.029999
1 0.465985 0.380078 0.006772 0.025657
2 0.478308 0.343664 0.006328 0.026250
2 0.532873 0.449747 0.007105 0.035526
1 0.544752 0.408893 0.007549 0.030394
2 0.548859 0.375933 0.006883 0.029210
1 0.573616 0.407807 0.009325 0.029013
2 0.592267 0.425866 0.006661 0.030394
1 0.538202 0.530075 0.011768 0.039868
2 0.513765 0.643434 0.010456 0.043956
1 0.723330 0.561590 0.010138 0.042054
2 0.648830 0.422633 0.007592 0.031937
1 0.629101 0.366934 0.005774 0.020151
2 0.662356 0.421778 0.009838 0.032507
4 0.671328 0.424763 0.008234 0.030416
4 0.466145 0.319092 0.005568 0.022894
4 0.991025 0.781470 0.017058 0.052402
2 0.669208 0.415800 0.005626 0.030900
2 0.670540 0.425881 0.009843 0.019823