2 0.298873 0.430530 0.007984 0.037124
4 0.568306 0.299063 0.005793 0.026583
2 0.600627 0.354094 0.008133 0.032270
1 0.566575 0.436892 0.009062 0.038550
2 0.658492 0.442934 0.006797 0.034523
1 0.614395 0.577284 0.011813 0.043153
2 0.741913 0.545926 0.008900 0.036249
1 0.804135 0.511116 0.009386 0.038550
2 0.872910 0.557722 0.008739 0.041427
1 0.858346 0.525069 0.010033 0.038838
2 0.846031 0.702090 0.013209 0.047355
1 0.986259 0.557852 0.008231 0.040816
2 0.968065 0.481996 0.008231 0.042356
1 0.918249 0.421157 0.006931 0.035425
2 0.876987 0.446186 0.008447 0.036965
1 0.788509 0.453887 0.008231 0.036965
0 0.778553 0.463434 0.003686 0.007771
1 0.768641 0.403280 0.008640 0.031902
2 0.843348 0.371327 0.006830 0.029969
1 0.754192 0.364610 0.007266 0.028419
4 0.742057 0.378173 0.007412 0.032811
1 0.727380 0.395354 0.008574 0.029969
2 0.677679 0.398841 0.006249 0.032294
1 0.725709 0.314747 0.006685 0.025319