1 0.469227 0.498428 0.008556 0.037763
2 0.497107 0.490167 0.011211 0.043270
4 0.483241 0.471679 0.013571 0.043008
2 0.457427 0.428540 0.008556 0.041172
1 0.431391 0.387237 0.008408 0.038287
2 0.443929 0.367307 0.013128 0.036714
1 0.205700 0.517047 0.010473 0.048252
2 0.312350 0.482824 0.009883 0.039074
1 0.328724 0.568184 0.010473 0.043008
2 0.346277 0.449782 0.010178 0.042221
1 0.363094 0.463681 0.008408 0.040123
4 0.296566 0.324324 0.007491 0.026859
1 0.520434 0.361102 0.007326 0.035141
2 0.559553 0.385184 0.012855 0.034649
1 0.585747 0.368228 0.009952 0.034158
2 0.614429 0.381743 0.007879 0.037106
1 0.667992 0.398945 0.007741 0.038581
2 0.781797 0.618814 0.009269 0.050290
1 0.822871 0.495931 0.010228 0.044323
2 0.913728 0.509569 0.012306 0.046596
1 0.816957 0.461268 0.010228 0.039777
2 0.852837 0.398193 0.007511 0.038641
1 0.817756 0.373617 0.009589 0.038925