1 0.357272 0.283687 0.011471 0.028365
2 0.484141 0.373766 0.012333 0.045998
1 0.539640 0.295263 0.013282 0.039865
2 0.547920 0.335741 0.009660 0.042932
1 0.566165 0.288145 0.012918 0.038590
2 0.625622 0.297369 0.011118 0.039343
1 0.659400 0.355161 0.011542 0.044614
4 0.716685 0.328242 0.013448 0.041979
1 0.756234 0.324289 0.009742 0.043485
2 0.763593 0.409846 0.015777 0.044049
1 0.807484 0.362220 0.012283 0.041790
2 0.878958 0.480626 0.015248 0.049320
1 0.908342 0.489097 0.014083 0.048191
2 0.985217 0.432059 0.009848 0.044426
1 0.991994 0.405140 0.010483 0.044802
2 0.612899 0.409945 0.010931 0.043598
1 0.623970 0.414554 0.011211 0.047334
2 0.644710 0.514455 0.016816 0.050324
1 0.902769 0.646961 0.014129 0.059458
2 0.933889 0.598473 0.011268 0.052781
4 0.467582 0.156426 0.007158 0.031125