2 0.264542 0.446986 0.016131 0.033677
1 0.326478 0.483688 0.008880 0.033414
2 0.367916 0.433436 0.011544 0.034466
1 0.381975 0.458036 0.010656 0.033677
2 0.407948 0.506973 0.014059 0.036308
1 0.435919 0.515260 0.008436 0.034466
4 0.468847 0.556172 0.009176 0.038413
1 0.592422 0.566038 0.017167 0.038676
2 0.596640 0.633129 0.013171 0.040254
1 0.577771 0.687591 0.011544 0.046042
4 0.359776 0.298098 0.006792 0.020349
1 0.454302 0.395257 0.009434 0.028622
2 0.492665 0.399618 0.007924 0.028846
1 0.565585 0.467846 0.011374 0.033580
2 0.751149 0.382124 0.009382 0.029510
1 0.694712 0.422155 0.011114 0.031563
2 0.762841 0.458849 0.008805 0.034129
1 0.841940 0.481559 0.009382 0.035925
2 0.767748 0.553281 0.011114 0.038234
1 0.733756 0.549047 0.012125 0.038491
4 0.920686 0.735411 0.012673 0.046174
1 0.207526 0.668436 0.012913 0.032954
2 0.217939 0.677971 0.012496 0.036471
1 0.206120 0.679174 0.013225 0.042210
0 0.211431 0.689079 0.004686 0.007220