0 0.024716 0.525251 0.003245 0.005480
4 0.046862 0.379883 0.006652 0.025670
4 0.539035 0.808318 0.009869 0.047778
1 0.422945 0.788002 0.009426 0.052704
2 0.463386 0.633132 0.008210 0.042434
1 0.469011 0.619618 0.006993 0.034325
2 0.601190 0.508235 0.006747 0.034742
1 0.420051 0.537800 0.010608 0.037464
2 0.396612 0.500973 0.007885 0.035170
1 0.403493 0.496131 0.007311 0.034150
2 0.378119 0.445288 0.006451 0.031857
1 0.341420 0.438789 0.007311 0.030582
2 0.331242 0.408334 0.006738 0.027269
1 0.260496 0.447582 0.006308 0.028289
2 0.274043 0.392788 0.006451 0.027779
1 0.275692 0.505816 0.006594 0.031602
2 0.287519 0.578322 0.008458 0.037464
1 0.010324 0.498627 0.010145 0.038741
2 0.092169 0.522451 0.006763 0.036960
1 0.155792 0.548835 0.009017 0.042081
2 0.155416 0.493172 0.007264 0.033175
1 0.171384 0.457882 0.006387 0.032062
2 0.314355 0.532602 0.008218 0.037041
4 0.309264 0.495698 0.007816 0.037448