4 0.724460 0.649915 0.017288 0.054377
4 0.222839 0.269537 0.014076 0.042679
2 0.061914 0.142651 0.018135 0.036999
1 0.093693 0.156928 0.013817 0.033007
2 0.110230 0.226167 0.017703 0.040376
1 0.128149 0.247813 0.010535 0.041604
2 0.138469 0.184792 0.016839 0.038688
0 0.200448 0.169255 0.005092 0.006136
2 0.212905 0.162754 0.013875 0.031774
1 0.245296 0.192198 0.018877 0.037409
2 0.248742 0.456546 0.024996 0.046808
1 0.332063 0.355204 0.013094 0.046797
2 0.399761 0.366063 0.014984 0.046677
1 0.351035 0.264999 0.016500 0.037108
2 0.349782 0.222345 0.013993 0.039907
1 0.370830 0.184304 0.010961 0.036590
2 0.300280 0.179640 0.010262 0.036383
1 0.457489 0.318497 0.009614 0.045477
2 0.476424 0.279188 0.011537 0.042951
1 0.650633 0.326388 0.009634 0.044286