4 0.814827 0.886255 0.019808 0.087126
1 0.645337 0.730946 0.025579 0.068025
2 0.664469 0.707277 0.014991 0.063552
0 0.629297 0.621454 0.009645 0.009691
2 0.662372 0.638786 0.024845 0.035410
1 0.690415 0.623224 0.015306 0.062807
2 0.576514 0.597039 0.012265 0.053674
4 0.604190 0.542153 0.012685 0.047897
2 0.676892 0.469842 0.011532 0.041560
1 0.560788 0.455072 0.009832 0.036952
2 0.516630 0.420037 0.009142 0.034652
1 0.616805 0.361696 0.008883 0.027752
4 0.596365 0.323058 0.006641 0.024379
1 0.731686 0.390056 0.009586 0.035866
2 0.861717 0.364659 0.009972 0.034311
1 0.847403 0.482555 0.014153 0.050894
2 0.851156 0.572335 0.019729 0.056613
1 0.230744 0.634641 0.014574 0.055805
2 0.261994 0.598891 0.012892 0.047085
1 0.340399 0.639125 0.015555 0.049328
2 0.325545 0.588765 0.012192 0.046410
1 0.375844 0.567300 0.011760 0.045706
2 0.335378 0.446477 0.009223 0.034843
1 0.468613 0.533686 0.012390 0.047957
2 0.403447 0.607852 0.011606 0.053534