1 0.333565 0.434423 0.009223 0.036344
4 0.622934 0.305380 0.007839 0.024853
1 0.654814 0.383541 0.006794 0.033448
2 0.733795 0.348235 0.006402 0.028338
1 0.634101 0.432092 0.008105 0.033921
2 0.687543 0.514192 0.008274 0.039024
0 0.760994 0.516143 0.004559 0.007505
2 0.752214 0.453405 0.008274 0.033921
1 0.759981 0.365752 0.007936 0.029118
4 0.781932 0.398622 0.007598 0.028818
1 0.762852 0.404926 0.007598 0.031219
2 0.760150 0.430291 0.011651 0.027917
1 0.764287 0.441398 0.008443 0.033320
2 0.779484 0.476669 0.013508 0.032420
1 0.801857 0.503085 0.013677 0.033020
2 0.812494 0.495131 0.009962 0.029118
1 0.820599 0.490328 0.008611 0.035121
2 0.834783 0.446651 0.008611 0.034221
1 0.871593 0.437045 0.007936 0.034221
2 0.900392 0.367652 0.008816 0.027428
1 0.922590 0.432723 0.007871 0.029387
2 0.950927 0.427965 0.009761 0.032745
1 0.962655 0.460291 0.008344 0.033585
2 0.973663 0.534310 0.009637 0.037312