4 0.259033 0.717640 0.010897 0.046106
2 0.042509 0.517135 0.011115 0.039520
1 0.065284 0.481877 0.008282 0.037970
2 0.071386 0.466186 0.012205 0.037583
1 0.050900 0.337165 0.009589 0.033708
2 0.114429 0.317018 0.006756 0.029059
1 0.100372 0.397413 0.009589 0.035645
2 0.141999 0.317986 0.010025 0.030221
1 0.133499 0.395282 0.008282 0.034483
2 0.139711 0.398576 0.007628 0.033321
1 0.167934 0.357506 0.008282 0.033321
2 0.195394 0.347239 0.009153 0.030608
1 0.179049 0.441583 0.006538 0.034870
2 0.219477 0.417367 0.009807 0.034483
4 0.261757 0.391602 0.008064 0.032546
2 0.288237 0.443326 0.007410 0.036033
1 0.311230 0.388889 0.005013 0.036420
2 0.332697 0.367580 0.006538 0.031771
1 0.322998 0.356925 0.007628 0.032158
2 0.332479 0.326316 0.008718 0.030608
1 0.324524 0.342977 0.007192 0.031383
2 0.323325 0.322248 0.006974 0.026347
1 0.614384 0.409037 0.005449 0.035645