2 0.429195 0.448261 0.009213 0.038122
1 0.659407 0.570172 0.010917 0.046375
2 0.676597 0.520811 0.008870 0.043203
1 0.699035 0.491605 0.014906 0.043576
2 0.706410 0.451482 0.012334 0.039284
1 0.716697 0.410985 0.009290 0.039097
2 0.735120 0.380099 0.009185 0.034618
1 0.853146 0.436006 0.010540 0.040167
2 0.877632 0.364827 0.008269 0.034665
1 0.924622 0.407197 0.009872 0.038648
2 0.949549 0.468948 0.010758 0.045485
1 0.789614 0.554197 0.010663 0.047059
4 0.802198 0.489560 0.009423 0.043642
1 0.856441 0.554968 0.014010 0.044634
2 0.756111 0.707723 0.013917 0.054264
4 0.744905 0.302023 0.008028 0.027637
2 0.768669 0.343819 0.007900 0.032847
1 0.980239 0.322039 0.006876 0.032265
2 0.709476 0.438258 0.009571 0.040273