1 0.441130 0.415615 0.006844 0.034155
2 0.670809 0.391140 0.009796 0.032925
1 0.753462 0.353045 0.009184 0.032381
2 0.826013 0.338759 0.008265 0.028843
1 0.801753 0.374405 0.009337 0.030476
2 0.833284 0.405834 0.008112 0.031292
1 0.791345 0.431276 0.011173 0.034286
2 0.873462 0.354950 0.014388 0.026939
1 0.915783 0.347739 0.007806 0.023946
2 0.882722 0.371140 0.009337 0.028843
1 0.996042 0.388963 0.007916 0.030748
2 0.972186 0.441888 0.011327 0.033741
1 0.960171 0.486378 0.010561 0.035646
2 0.945171 0.538215 0.009031 0.038639
1 0.758323 0.560075 0.011036 0.042743
0 0.929828 0.342897 0.004117 0.005958
4 0.645892 0.306225 0.004863 0.024515
4 0.899068 0.381665 0.007605 0.030113