1 0.314792 0.440871 0.007837 0.037340
2 0.563542 0.474052 0.006368 0.036976
1 0.558288 0.472184 0.008533 0.033462
2 0.574047 0.535134 0.010692 0.040805
1 0.626076 0.512826 0.014888 0.033563
2 0.637582 0.483300 0.008555 0.033224
4 0.666767 0.488799 0.008208 0.036928
2 0.691654 0.561766 0.008340 0.032138
1 0.754326 0.514720 0.008198 0.037258
2 0.735560 0.466594 0.008233 0.037068
1 0.746983 0.448028 0.006558 0.037195
2 0.650043 0.387508 0.008499 0.029728
1 0.663539 0.396217 0.006453 0.029798
2 0.576064 0.390618 0.006359 0.033331
1 0.582326 0.348134 0.006243 0.029810
4 0.565625 0.301660 0.006280 0.025680
1 0.646827 0.309248 0.006359 0.025970
2 0.701541 0.320312 0.005401 0.025839
1 0.895773 0.403764 0.008363 0.029675
2 0.961533 0.568175 0.010385 0.040555
0 0.860407 0.674016 0.004281 0.007313
2 0.848866 0.677800 0.010491 0.044473
1 0.593739 0.637058 0.012402 0.044407
2 0.565605 0.698004 0.010480 0.048304