2 0.125902 0.633993 0.012614 0.042506
1 0.141528 0.657254 0.013367 0.046857
1 0.191324 0.651229 0.018073 0.045518
1 0.274443 0.572074 0.010731 0.043845
1 0.288846 0.474177 0.013179 0.037486
1 0.316803 0.511160 0.011108 0.038490
1 0.354174 0.563540 0.010919 0.041502
1 0.349611 0.480731 0.013128 0.040123
2 0.380588 0.456342 0.011063 0.036451
1 0.385530 0.458309 0.008261 0.036714
4 0.402125 0.547864 0.008998 0.044319
1 0.417023 0.503939 0.009588 0.038812
2 0.437380 0.487418 0.009588 0.038287
1 0.464374 0.549438 0.010178 0.041696
2 0.384571 0.673478 0.013423 0.048515
1 0.549930 0.601755 0.013423 0.050875
2 0.570313 0.444207 0.008920 0.040096
1 0.484492 0.425744 0.009047 0.034886
2 0.698606 0.533650 0.011968 0.046616
1 0.747553 0.543332 0.013312 0.048289
2 0.863593 0.485101 0.011296 0.047268
4 0.866434 0.785844 0.015680 0.057019
2 0.197074 0.670320 0.015961 0.051148
4 0.436613 0.323922 0.006793 0.026603
0 0.198132 0.752008 0.006258 0.009472