2 0.481311 0.516232 0.013209 0.035224
1 0.240711 0.505314 0.007531 0.033576
2 0.233759 0.469163 0.010776 0.022247
0 0.230269 0.476991 0.002694 0.004532
1 0.126045 0.481341 0.012680 0.027652
2 0.103723 0.548663 0.011485 0.041507
1 0.079528 0.531508 0.008661 0.036318
2 0.072938 0.528914 0.008096 0.037825
1 0.038859 0.507072 0.008096 0.032302
2 0.041542 0.496277 0.009320 0.031799
1 0.017912 0.534939 0.011956 0.036151
4 0.002248 0.544813 0.004496 0.036151
1 0.059005 0.592429 0.011485 0.046360
4 0.256938 0.737556 0.019406 0.058335
1 0.191487 0.583877 0.009527 0.042654
4 0.003621 0.459094 0.007243 0.024255