2 0.337163 0.399578 0.011290 0.040311
4 0.639173 0.274775 0.008795 0.031478
2 0.690369 0.296623 0.007514 0.031478
1 0.587219 0.371435 0.009377 0.036966
2 0.575686 0.413681 0.008445 0.042764
1 0.584598 0.468716 0.007281 0.042247
2 0.598081 0.462969 0.009436 0.045456
1 0.632970 0.408245 0.008737 0.039140
2 0.626038 0.496880 0.012115 0.047010
1 0.586636 0.515674 0.011824 0.044835
2 0.592606 0.605137 0.015726 0.049184
1 0.597382 0.674616 0.014561 0.051876
2 0.472085 0.670426 0.015167 0.053652
4 0.678127 0.522191 0.016001 0.047493
2 0.703833 0.472225 0.009670 0.043040
1 0.734339 0.494487 0.011688 0.020036
2 0.825484 0.379016 0.013181 0.034369
1 0.822273 0.425583 0.011356 0.039296
2 0.838057 0.446854 0.013181 0.040498
1 0.798986 0.520820 0.011829 0.043983
2 0.822138 0.633661 0.014331 0.054077
1 0.894823 0.832160 0.014846 0.062231
2 0.948555 0.511646 0.014730 0.047488
4 0.971047 0.882910 0.009286 0.056478