4 0.486605 0.710999 0.015486 0.046849
4 0.199821 0.272489 0.008705 0.027244
2 0.193201 0.344305 0.010666 0.034001
1 0.150022 0.469081 0.011854 0.036815
2 0.183370 0.481268 0.011711 0.039354
1 0.237212 0.379328 0.009140 0.029960
2 0.132384 0.380471 0.009426 0.033261
1 0.194867 0.394816 0.015281 0.024374
2 0.189297 0.397736 0.013568 0.028183
0 0.205935 0.386056 0.003999 0.007363
2 0.247913 0.348972 0.011232 0.029845
1 0.264761 0.358849 0.010387 0.031992
4 0.265788 0.342960 0.007609 0.031133
1 0.280938 0.301344 0.007841 0.027647
2 0.286427 0.318071 0.007841 0.029041
1 0.300736 0.390672 0.007449 0.035313
2 0.294937 0.420783 0.007813 0.035340
1 0.320069 0.389776 0.010746 0.034430
2 0.426170 0.441660 0.011316 0.037936
1 0.390039 0.384325 0.007275 0.036499
2 0.398607 0.377140 0.011155 0.033050
1 0.402002 0.370099 0.009861 0.032188
2 0.465211 0.367943 0.008568 0.034200
1 0.429911 0.313918 0.007257 0.031668
2 0.694842 0.406778 0.007986 0.037952