2 0.600954 0.380181 0.007656 0.035153
4 0.419437 0.685566 0.019259 0.057922
2 0.383021 0.401002 0.009769 0.036544
1 0.367935 0.394218 0.011041 0.034192
2 0.362623 0.429447 0.013443 0.038826
1 0.327152 0.387442 0.009416 0.035001
2 0.337406 0.351713 0.009602 0.031428
1 0.270951 0.422593 0.012718 0.036690
2 0.203213 0.465550 0.012563 0.042307
1 0.192643 0.415137 0.015342 0.037260
2 0.222602 0.395594 0.009906 0.032106
1 0.176669 0.370747 0.010903 0.029438
2 0.129704 0.602619 0.025684 0.047153
1 0.148673 0.540992 0.024341 0.045064
4 0.130711 0.509507 0.019473 0.046258
1 0.074654 0.540345 0.019764 0.045699
2 0.058805 0.496146 0.022133 0.035620
1 0.052631 0.473987 0.021434 0.041833
2 0.057756 0.432568 0.014911 0.036034
1 0.099925 0.414552 0.018172 0.033963
4 0.062694 0.339502 0.013904 0.024718