2 0.365093 0.458502 0.010329 0.036916
0 0.389160 0.442552 0.003699 0.004932
2 0.548876 0.439025 0.010582 0.034161
1 0.589628 0.434569 0.009283 0.034161
2 0.616176 0.365753 0.009097 0.029540
1 0.690635 0.387047 0.007148 0.030619
2 0.710183 0.468493 0.008009 0.034293
1 0.744500 0.422871 0.007234 0.034293
2 0.775663 0.619382 0.011095 0.041457
1 0.883221 0.567697 0.009657 0.041457
2 0.902739 0.503138 0.009451 0.038352
2 0.626680 0.563993 0.012551 0.039526
1 0.604716 0.547736 0.011296 0.038888
2 0.443257 0.350108 0.006813 0.031238
4 0.451773 0.292572 0.005917 0.025819
2 0.698490 0.461832 0.007351 0.034107
1 0.787333 0.366842 0.008965 0.030919
2 0.830365 0.418162 0.007889 0.030919
1 0.838165 0.427565 0.008786 0.033788
2 0.841840 0.470757 0.009324 0.036019
1 0.828393 0.496576 0.008606 0.037932
2 0.822207 0.537536 0.008427 0.038888
4 0.762859 0.418003 0.009144 0.033788
2 0.705993 0.313731 0.004904 0.026153
4 0.978022 0.744420 0.011270 0.046342