4 0.192626 0.828947 0.019147 0.062251
4 0.210902 0.465040 0.010237 0.042144
4 0.134897 0.320273 0.006773 0.030103
1 0.672794 0.476248 0.014686 0.034142
2 0.307377 0.386319 0.007762 0.037198
1 0.298299 0.400838 0.009044 0.038878
2 0.293946 0.446735 0.010057 0.041398
1 0.283281 0.434676 0.011947 0.042717
2 0.258915 0.426756 0.009382 0.040558
1 0.288850 0.488313 0.010934 0.046557
2 0.264686 0.510751 0.014039 0.039838
1 0.210048 0.410197 0.009382 0.035518
2 0.216798 0.401138 0.009382 0.042357
1 0.247104 0.358900 0.007222 0.035398
2 0.186627 0.365740 0.009652 0.034198
1 0.156469 0.551143 0.013781 0.048096
2 0.139940 0.494931 0.012851 0.042384
1 0.097035 0.536189 0.012597 0.046443
2 0.154524 0.464646 0.014964 0.043437
1 0.133473 0.427597 0.010568 0.038477
2 0.081732 0.411215 0.010061 0.040881
1 0.059709 0.451795 0.013189 0.044188
2 0.044787 0.442627 0.011413 0.040280
1 0.038995 0.508984 0.015894 0.044038