4 0.271919 0.836104 0.015191 0.057442
1 0.227496 0.653418 0.012469 0.047694
2 0.240154 0.602533 0.015114 0.043328
1 0.242988 0.561389 0.008691 0.044336
2 0.228724 0.519404 0.010013 0.040305
1 0.212193 0.495893 0.010202 0.036946
2 0.207469 0.473893 0.007179 0.037282
1 0.204447 0.444168 0.007935 0.034259
2 0.131142 0.440138 0.009446 0.032916
1 0.126702 0.460962 0.007368 0.034931
2 0.116972 0.509832 0.010202 0.037282
1 0.120845 0.547618 0.010391 0.043664
4 0.054256 0.507771 0.010357 0.039551
1 0.042365 0.639040 0.011891 0.048416
2 0.539937 0.507462 0.008858 0.038330