4 0.321544 0.832186 0.013830 0.052753
4 0.016324 0.517802 0.009457 0.042202
2 0.054055 0.464741 0.014885 0.037659
1 0.061498 0.523265 0.013359 0.043426
2 0.079627 0.531916 0.012595 0.042409
1 0.126860 0.428100 0.010496 0.034266
2 0.639648 0.508026 0.010473 0.040818
1 0.283845 0.635693 0.011829 0.045211
2 0.287197 0.609758 0.013406 0.044510
1 0.272707 0.561042 0.010449 0.045912
2 0.243541 0.480434 0.010635 0.039474
1 0.232346 0.446434 0.008396 0.035161
2 0.125562 0.648187 0.013359 0.047975
1 0.159419 0.521246 0.011775 0.040543