1 0.041042 0.292044 0.009208 0.048006
2 0.060408 0.235643 0.008623 0.041565
1 0.057072 0.312243 0.009858 0.044211
2 0.098470 0.343839 0.013667 0.053037
1 0.101638 0.238990 0.009885 0.043120
2 0.124983 0.206857 0.009157 0.039095
1 0.237526 0.162874 0.008806 0.034916
2 0.258204 0.201574 0.008926 0.038175
4 0.261290 0.273903 0.007826 0.046217
2 0.252562 0.279818 0.012389 0.042398
1 0.251451 0.259119 0.009030 0.041385
2 0.283746 0.254809 0.007043 0.044571
1 0.329854 0.301870 0.007114 0.048795
2 0.339036 0.312313 0.013850 0.044610
1 0.145988 0.416677 0.013950 0.055671
2 0.294848 0.483005 0.011333 0.058034
4 0.451637 0.582847 0.017713 0.062313
2 0.432443 0.504148 0.011383 0.064279
1 0.359094 0.390372 0.010978 0.052333
2 0.637290 0.265660 0.012051 0.048402