1 0.344003 0.440166 0.009258 0.042642
4 0.515905 0.320374 0.006943 0.028615
1 0.493214 0.442726 0.008243 0.042497
2 0.605783 0.429928 0.013221 0.039754
1 0.633001 0.385096 0.013303 0.038013
0 0.637419 0.400138 0.003798 0.006210
1 0.634845 0.554179 0.009935 0.043893
2 0.667207 0.456892 0.013529 0.042272
1 0.704308 0.447418 0.008746 0.039356
2 0.763301 0.320143 0.010977 0.030835
1 0.783410 0.345690 0.009803 0.034559
2 0.816398 0.500194 0.012035 0.044036
1 0.814439 0.555799 0.013715 0.045778
2 0.850684 0.480291 0.010356 0.044036
4 0.850118 0.456059 0.013728 0.041747
2 0.849355 0.380650 0.014694 0.036324
1 0.868597 0.366593 0.013435 0.036075
2 0.928428 0.359144 0.009124 0.037717
1 0.963164 0.402723 0.008464 0.036153
2 0.993944 0.424806 0.011982 0.042016
1 0.894147 0.699818 0.018696 0.053270