2 0.416618 0.443883 0.007376 0.037763
4 0.756608 0.301617 0.007485 0.028947
2 0.750173 0.371766 0.008535 0.035250
1 0.731265 0.421372 0.012212 0.039218
2 0.719841 0.462575 0.011949 0.044120
1 0.768229 0.523970 0.016283 0.043654
2 0.846884 0.423357 0.013394 0.037117
4 0.913721 0.380754 0.015757 0.037817
2 0.835394 0.386006 0.009586 0.033382
1 0.898292 0.523153 0.015363 0.043887
2 0.965589 0.571242 0.009717 0.049490
1 0.769043 0.326689 0.010263 0.033156
2 0.783830 0.350330 0.006952 0.032959
1 0.813957 0.378286 0.009822 0.035510
2 0.868362 0.325218 0.007615 0.032175
1 0.910297 0.324041 0.008277 0.033744
2 0.955874 0.323747 0.009601 0.028447
1 0.958798 0.362101 0.016112 0.036098
2 0.990820 0.429628 0.016838 0.040526