4 0.495561 0.702038 0.013653 0.052750
2 0.548042 0.508295 0.005699 0.030198
1 0.364765 0.501440 0.007935 0.030000
2 0.340514 0.532632 0.007488 0.033576
1 0.308497 0.524089 0.009834 0.035165
2 0.241947 0.467070 0.009276 0.026424
1 0.230939 0.491805 0.007823 0.030596
2 0.225950 0.583615 0.012456 0.043269
1 0.059100 0.543214 0.008422 0.037191
2 0.061409 0.532105 0.008151 0.034776
1 0.028603 0.490205 0.013449 0.028738
2 0.050474 0.482477 0.008830 0.027772
1 0.052308 0.474991 0.006520 0.023908
2 0.100396 0.486704 0.008966 0.029463
1 0.112010 0.475681 0.010843 0.027508
2 0.119016 0.472216 0.009991 0.022743
1 0.221159 0.462988 0.007016 0.023814
2 0.142894 0.460735 0.007056 0.021417
4 0.159416 0.506094 0.007917 0.033197
4 0.010917 0.461366 0.007118 0.026335
1 0.016700 0.596709 0.014518 0.047066