4 0.654617 0.785987 0.011280 0.048346
4 0.100381 0.571927 0.009551 0.041975
4 0.053653 0.382889 0.010921 0.028044
2 0.131637 0.475356 0.011249 0.034364
1 0.114338 0.456131 0.012790 0.032702
2 0.125188 0.551554 0.008910 0.039089
1 0.152061 0.580040 0.010060 0.041388
2 0.082107 0.516037 0.011216 0.036070
1 0.045373 0.487360 0.008821 0.032933
2 0.033338 0.519509 0.012980 0.039430
1 0.009205 0.553787 0.014870 0.040774
2 0.207058 0.701982 0.019879 0.048466
0 0.349513 0.811967 0.005427 0.008416
2 0.358115 0.798728 0.020552 0.046799
1 0.326440 0.576652 0.012148 0.040522
2 0.286801 0.533458 0.013025 0.039632
1 0.278167 0.497834 0.010285 0.034288
2 0.454819 0.480581 0.010729 0.032490
1 0.534093 0.558094 0.007755 0.036139
2 0.598074 0.517568 0.007638 0.039064
1 0.261365 0.402862 0.009528 0.029969
1 0.003603 0.687496 0.007206 0.047574