1 0.369150 0.411044 0.008371 0.035915
2 0.781612 0.628585 0.013704 0.041301
1 0.931066 0.537608 0.009207 0.039017
2 0.853020 0.446243 0.008833 0.034722
1 0.881799 0.431133 0.008058 0.034789
2 0.836292 0.391082 0.011071 0.031928
1 0.849824 0.378508 0.008611 0.030398
2 0.827558 0.345595 0.009841 0.027555
1 0.777674 0.428551 0.007498 0.033324
4 0.763440 0.375337 0.008318 0.029783
1 0.556799 0.388678 0.007163 0.030952
2 0.656688 0.397493 0.007052 0.032911
1 0.681702 0.333533 0.006612 0.027622
2 0.706495 0.351947 0.009036 0.017827
4 0.544544 0.301677 0.003155 0.026175
1 0.571831 0.331607 0.010756 0.027293
0 0.579342 0.347325 0.002383 0.004274
1 0.603317 0.310808 0.007224 0.024932
2 0.612632 0.358870 0.004874 0.029178
1 0.729309 0.350028 0.004277 0.027409
2 0.738062 0.357986 0.010046 0.029885
1 0.726524 0.437826 0.006267 0.029354
2 0.710708 0.481327 0.007659 0.035013
1 0.595210 0.504050 0.007872 0.037771