1 0.636076 0.396017 0.009406 0.035074
2 0.300497 0.528537 0.009464 0.041275
1 0.325932 0.434551 0.007098 0.036806
2 0.313436 0.413650 0.008429 0.036543
1 0.239644 0.443621 0.009908 0.036543
2 0.327929 0.356996 0.006359 0.032599
1 0.337171 0.352658 0.008873 0.033914
2 0.275431 0.299553 0.006950 0.029182
1 0.211473 0.301919 0.011535 0.024975
0 0.198238 0.308097 0.003993 0.006310
1 0.149363 0.277075 0.005619 0.026290
2 0.166000 0.352395 0.007246 0.031285
1 0.191953 0.353841 0.008873 0.031548
2 0.172506 0.484764 0.007838 0.036806
1 0.061448 0.367906 0.009908 0.034440
2 0.072244 0.317824 0.010204 0.031548
1 0.105517 0.319664 0.013457 0.028393
2 0.034608 0.492388 0.011239 0.038909
1 0.137283 0.664679 0.013479 0.048281
4 0.273194 0.715796 0.014764 0.046158
4 0.043336 0.273218 0.007806 0.027454
4 0.232891 0.373228 0.009164 0.034393