2 0.098828 0.700876 0.012482 0.046848
1 0.120961 0.691116 0.014678 0.046231
2 0.169042 0.699643 0.016297 0.047670
2 0.108999 0.708375 0.011789 0.046642
1 0.109167 0.703963 0.018850 0.045603
2 0.212962 0.682589 0.023462 0.055478
1 0.247000 0.666253 0.016412 0.049108
4 0.322877 0.578208 0.012136 0.041916
1 0.367952 0.457185 0.012829 0.039862
2 0.405978 0.563312 0.009824 0.042533
1 0.437473 0.513382 0.010171 0.040478
2 0.479254 0.501053 0.014216 0.043766
1 0.500058 0.452151 0.009593 0.040889
2 0.505953 0.455336 0.008206 0.040273
1 0.560910 0.420508 0.008553 0.037601
2 0.676489 0.394105 0.009246 0.036574
2 0.695386 0.468692 0.009131 0.044793
1 0.711105 0.463966 0.011442 0.043971
0 0.699373 0.484718 0.004161 0.009041
1 0.890999 0.518520 0.011902 0.048488
2 0.559569 0.585375 0.015869 0.046431
4 0.622269 0.306134 0.006668 0.028709
2 0.104417 0.685787 0.011932 0.022703