4 0.045682 0.378797 0.006780 0.028489
1 0.031154 0.469819 0.008365 0.035220
2 0.079360 0.454323 0.008100 0.033341
1 0.012047 0.517796 0.007132 0.042263
4 0.096882 0.574461 0.010742 0.041637
1 0.119687 0.544015 0.008805 0.036785
2 0.140114 0.530632 0.008629 0.037881
1 0.169654 0.464576 0.009773 0.033498
2 0.190659 0.394243 0.010269 0.026638
1 0.006152 0.708297 0.012304 0.052614
2 0.146157 0.838372 0.015097 0.055538
1 0.200416 0.705507 0.012705 0.049160
2 0.245183 0.579286 0.010463 0.039062
1 0.321040 0.585929 0.009118 0.042251
2 0.302132 0.445225 0.009267 0.034545
1 0.365209 0.524014 0.009865 0.040657
2 0.428836 0.491697 0.011458 0.032950
1 0.468465 0.593747 0.013484 0.032997
0 0.456230 0.592859 0.004162 0.007842
1 0.585983 0.526077 0.006478 0.038002
4 0.570518 0.797270 0.010202 0.052972