0 0.510718 0.416042 0.003599 0.004874
4 0.457252 0.481694 0.005998 0.033816
4 0.142472 0.381445 0.004865 0.027463
2 0.578557 0.624091 0.010234 0.041561
1 0.601184 0.592294 0.009483 0.037722
2 0.648504 0.503998 0.008732 0.031713
1 0.558141 0.532610 0.012284 0.036676
2 0.566440 0.488099 0.008815 0.032341
1 0.546982 0.489099 0.009096 0.032675
2 0.539574 0.516606 0.008721 0.032341
1 0.537464 0.510854 0.012378 0.030174
2 0.537183 0.498518 0.006377 0.029507
1 0.439288 0.495677 0.008464 0.032631
2 0.378767 0.550878 0.008566 0.038251
1 0.362707 0.570729 0.008464 0.036620
2 0.459938 0.642716 0.008292 0.039820
1 0.412172 0.685157 0.009813 0.043910
2 0.299850 0.665930 0.012208 0.046951
1 0.234696 0.619200 0.007724 0.043851
2 0.188541 0.626730 0.010340 0.047394
1 0.293792 0.511029 0.009054 0.038437
2 0.229064 0.505864 0.008513 0.034834
1 0.168796 0.534212 0.009054 0.041560
2 0.129169 0.575180 0.007798 0.041292
4 0.744796 0.775028 0.013649 0.047794