1 0.358140 0.476938 0.009254 0.038081
2 0.547326 0.548226 0.011310 0.042955
1 0.562921 0.661555 0.015080 0.050876
2 0.591367 0.645713 0.010967 0.049658
1 0.581514 0.486077 0.012852 0.040518
2 0.662569 0.442055 0.008740 0.035339
1 0.700441 0.567571 0.010111 0.044479
2 0.727516 0.601539 0.009082 0.044174
1 0.801460 0.663383 0.015766 0.050876
2 0.818254 0.662164 0.011996 0.055751
1 0.808229 0.734366 0.015937 0.059406
2 0.870949 0.560411 0.013881 0.048439
1 0.812342 0.451804 0.009768 0.038995
2 0.927328 0.430022 0.008054 0.040518
1 0.878060 0.753254 0.010967 0.056969
2 0.961772 0.750969 0.015251 0.058493
1 0.664485 0.768947 0.015060 0.057876
4 0.838613 0.566426 0.012236 0.052688
4 0.660339 0.306227 0.006353 0.027380