2 0.361153 0.383680 0.013393 0.035716
2 0.546790 0.481569 0.012454 0.046494
1 0.572009 0.424558 0.013492 0.036531
2 0.595982 0.384153 0.012869 0.039114
1 0.619229 0.318471 0.010378 0.032472
4 0.652024 0.392271 0.014114 0.037638
1 0.670497 0.413119 0.011208 0.040959
2 0.705056 0.416256 0.012246 0.045756
1 0.687621 0.313489 0.010586 0.035793
2 0.614663 0.619205 0.028644 0.046494
1 0.655448 0.582121 0.013492 0.049077
2 0.566508 0.491901 0.015775 0.044280
1 0.675790 0.510904 0.014322 0.046863
2 0.702046 0.506292 0.019096 0.046494
0 0.780297 0.486181 0.006642 0.011439
2 0.795760 0.469207 0.014322 0.043173
1 0.896636 0.502602 0.017228 0.047232
2 0.908674 0.419761 0.012246 0.044649
1 0.957451 0.341718 0.013492 0.043542
2 0.909401 0.288951 0.013284 0.034686
1 0.833329 0.290058 0.011831 0.035424
4 0.622991 0.217672 0.007654 0.023461