1 0.671005 0.281924 0.012859 0.046527
2 0.477498 0.362705 0.010348 0.051030
1 0.494560 0.398622 0.015646 0.055410
4 0.571987 0.562005 0.023653 0.060666
1 0.367301 0.573174 0.014906 0.058476
0 0.374446 0.489621 0.006529 0.009198
1 0.309831 0.560581 0.018972 0.063951
2 0.298559 0.533752 0.022544 0.046211
1 0.294678 0.538132 0.024392 0.046211
4 0.238465 0.388692 0.013076 0.054409
1 0.186450 0.552048 0.026869 0.065904
2 0.076601 0.451020 0.017530 0.059007
1 0.061227 0.428924 0.018679 0.052110
2 0.031052 0.358805 0.017530 0.050322
1 0.034357 0.528547 0.020978 0.065394
2 0.426721 0.333501 0.015450 0.047609
1 0.301946 0.275880 0.013316 0.042611