0 0.356091 0.390222 0.003936 0.006183
2 0.352339 0.374764 0.012722 0.037750
1 0.381951 0.524169 0.014504 0.047961
2 0.559558 0.548795 0.009138 0.045125
1 0.601766 0.493613 0.010878 0.044094
2 0.670807 0.494774 0.008268 0.043836
1 0.700034 0.517207 0.008993 0.043320
2 0.744707 0.532808 0.014214 0.044094
1 0.686690 0.449391 0.007832 0.041257
2 0.660944 0.387118 0.010588 0.036358
1 0.693289 0.382090 0.007107 0.037131
2 0.643321 0.402590 0.014214 0.041515
1 0.797504 0.374741 0.013344 0.037389
2 0.818100 0.391631 0.010443 0.039194
1 0.824627 0.474274 0.008413 0.040999
2 0.892218 0.569036 0.011023 0.047961
1 0.930364 0.470793 0.014214 0.041773
2 0.961259 0.445652 0.011894 0.044094
1 0.956400 0.506635 0.013489 0.045383
2 0.771680 0.622630 0.015438 0.045203
1 0.820868 0.644558 0.014832 0.051392
2 0.558726 0.381097 0.007816 0.037717
4 0.535024 0.259048 0.005614 0.030135
4 0.825137 0.451523 0.012298 0.036152
4 0.982523 0.883639 0.014197 0.057656