2 0.449578 0.317935 0.006300 0.030435
4 0.580657 0.220377 0.004845 0.022032
1 0.632877 0.257467 0.007527 0.028306
0 0.637620 0.252235 0.002883 0.004592
1 0.635032 0.311986 0.009109 0.030244
2 0.670268 0.289628 0.009113 0.030841
1 0.725585 0.284888 0.005535 0.029041
2 0.692006 0.337428 0.007414 0.033102
1 0.640846 0.402369 0.006001 0.034270
2 0.724495 0.233733 0.005230 0.027709
1 0.733294 0.266103 0.006727 0.028837
2 0.817748 0.216410 0.010501 0.026497
1 0.853758 0.226204 0.005204 0.028769
1 0.808198 0.286241 0.008405 0.030696
4 0.786122 0.327798 0.009541 0.033922
1 0.812585 0.350492 0.008315 0.034396
2 0.795039 0.433198 0.013660 0.037529
1 0.954451 0.272272 0.008135 0.033390
2 0.936484 0.291012 0.006673 0.033788
1 0.989371 0.325542 0.008554 0.038776
2 0.951094 0.398152 0.014627 0.041057
2 0.839129 0.273825 0.008395 0.031892