1 0.444173 0.554617 0.008747 0.039621
4 0.494708 0.580339 0.009885 0.039728
1 0.527150 0.548440 0.009346 0.034509
2 0.617825 0.545777 0.009885 0.035361
1 0.593561 0.605102 0.009286 0.041325
2 0.634121 0.636522 0.010005 0.022793
1 0.642958 0.621079 0.011862 0.038769
2 0.571743 0.603842 0.011912 0.041021
1 0.551357 0.484893 0.006398 0.032793
2 0.589999 0.518900 0.006361 0.035808
1 0.353205 0.474148 0.008569 0.032867
2 0.208454 0.585520 0.009758 0.044159
1 0.372373 0.609345 0.010837 0.042623
2 0.352713 0.636795 0.013714 0.044328
1 0.511843 0.644252 0.007013 0.041327
4 0.163262 0.380777 0.007444 0.027411
2 0.528664 0.630788 0.013558 0.042535
1 0.611341 0.707587 0.013026 0.043953
2 0.616126 0.694354 0.008773 0.043008
4 0.827339 0.771626 0.011697 0.047261
2 0.684714 0.512163 0.007178 0.036864
1 0.582231 0.499639 0.011165 0.031665
2 0.581567 0.524687 0.007709 0.032610