4 0.763624 0.874304 0.019042 0.084163
2 0.722965 0.416819 0.006719 0.042790
1 0.676527 0.460366 0.011312 0.041278
2 0.640678 0.426572 0.012247 0.038103
1 0.580335 0.444943 0.012503 0.046721
4 0.583839 0.325016 0.005992 0.023240
1 0.546790 0.361202 0.006766 0.026942
2 0.531724 0.409550 0.009066 0.033870
1 0.467724 0.426387 0.007388 0.031101
2 0.460306 0.407947 0.008393 0.033518
1 0.455076 0.434793 0.011407 0.034253
2 0.420264 0.415723 0.007388 0.028474
1 0.417489 0.394882 0.006298 0.026756
2 0.410728 0.393688 0.005927 0.030296
1 0.434355 0.488139 0.011317 0.037800
2 0.354318 0.557955 0.009903 0.040553
1 0.303757 0.445292 0.008332 0.020769
2 0.310904 0.443001 0.008628 0.016339
1 0.339603 0.453588 0.008719 0.034509
2 0.369707 0.425318 0.007293 0.031194
1 0.384019 0.443791 0.006745 0.033631
2 0.393340 0.431752 0.008609 0.033534
2 0.403507 0.425788 0.008662 0.031271
4 0.405371 0.429025 0.011716 0.031913