4 0.649741 0.786958 0.013111 0.049761
2 0.660633 0.501898 0.005254 0.035654
1 0.481214 0.444370 0.008728 0.030139
2 0.470944 0.524623 0.008881 0.040274
1 0.452089 0.479606 0.008836 0.034015
2 0.360516 0.520896 0.012669 0.040691
1 0.360382 0.440310 0.008539 0.030961
0 0.360331 0.412859 0.004253 0.003900
1 0.322728 0.416624 0.008792 0.026921
2 0.327082 0.441227 0.013040 0.036942
1 0.369315 0.403986 0.007908 0.029763
2 0.215600 0.532647 0.011126 0.039559
1 0.169533 0.519368 0.010577 0.041704
1 0.166738 0.465778 0.008991 0.032168
2 0.116713 0.420960 0.008881 0.033053
1 0.143803 0.411333 0.008561 0.029702
4 0.083314 0.376151 0.004824 0.027260
1 0.083352 0.431483 0.008988 0.034155
2 0.049016 0.531670 0.011286 0.041900
1 0.060427 0.542477 0.012614 0.041383
2 0.053987 0.498716 0.013537 0.040567
1 0.133133 0.632987 0.009358 0.046734
2 0.207226 0.448200 0.011087 0.030173
1 0.373953 0.710500 0.015102 0.046283
4 0.151137 0.496065 0.007026 0.037406