1 0.102079 0.498244 0.009816 0.042302
2 0.126492 0.643631 0.020270 0.048462
1 0.189268 0.605699 0.010629 0.049223
2 0.233457 0.699877 0.017230 0.053490
1 0.258273 0.717630 0.017658 0.055471
2 0.208211 0.493734 0.008944 0.038805
1 0.276915 0.593859 0.009131 0.047811
2 0.292519 0.616541 0.010695 0.048478
4 0.300212 0.556666 0.012571 0.045031
2 0.314706 0.429621 0.008929 0.038410
1 0.370912 0.426007 0.013394 0.037134
2 0.362083 0.633430 0.016913 0.046586
1 0.410391 0.604394 0.012921 0.047619
2 0.473000 0.561809 0.013284 0.046844
1 0.471838 0.522771 0.014445 0.038456
2 0.447775 0.505608 0.013066 0.041037
1 0.513614 0.596200 0.014663 0.044909
2 0.532269 0.614396 0.014663 0.043618
1 0.526063 0.643625 0.010816 0.048393
2 0.625026 0.720515 0.017531 0.049996
4 0.651907 0.735449 0.013733 0.048698
2 0.628745 0.412848 0.008358 0.034614
0 0.585334 0.431555 0.004637 0.003980