1 0.316614 0.428200 0.009144 0.035354
2 0.558282 0.672118 0.017440 0.049700
1 0.523121 0.509319 0.009310 0.034494
2 0.524772 0.435208 0.012729 0.034650
1 0.528078 0.399851 0.011287 0.031114
2 0.538591 0.396051 0.007066 0.031291
4 0.609141 0.439630 0.007424 0.032917
1 0.598955 0.442689 0.006972 0.034366
2 0.595741 0.420234 0.008964 0.034366
1 0.681186 0.525860 0.008962 0.038355
2 0.615672 0.370263 0.007064 0.030954
1 0.597855 0.338829 0.009043 0.027115
2 0.584358 0.337110 0.008593 0.030714
1 0.647405 0.315748 0.005767 0.028852
2 0.664559 0.309012 0.004732 0.026946
1 0.678117 0.372140 0.007002 0.034339
2 0.689636 0.365555 0.008863 0.028505
1 0.685357 0.333200 0.008964 0.023333
0 0.720673 0.327738 0.003368 0.004235
1 0.726926 0.318945 0.007295 0.022462
2 0.738434 0.438840 0.007080 0.034739
1 0.894005 0.514750 0.013144 0.038805
2 0.855158 0.385110 0.007024 0.031307
4 0.533628 0.299657 0.006542 0.024407