2 0.275642 0.447006 0.008097 0.040242
0 0.333455 0.471724 0.004077 0.006551
4 0.707251 0.317178 0.007273 0.029184
1 0.743044 0.400977 0.006865 0.039007
2 0.751794 0.436993 0.010634 0.037811
1 0.741295 0.444053 0.008211 0.040443
2 0.806446 0.503880 0.010365 0.046187
1 0.821836 0.417922 0.009901 0.038337
2 0.836687 0.424071 0.008138 0.042436
1 0.856082 0.425999 0.008409 0.037614
2 0.813835 0.349085 0.008544 0.032791
1 0.848962 0.347397 0.008002 0.034238
2 0.887208 0.460478 0.007459 0.041471
1 0.886394 0.493872 0.008544 0.041230
2 0.937525 0.553066 0.009087 0.043400
1 0.911824 0.521842 0.010308 0.044606
4 0.948307 0.473378 0.009494 0.044606
1 0.998181 0.486557 0.003117 0.045405
2 0.993335 0.460840 0.007866 0.043641
1 0.988520 0.443118 0.008816 0.040989
2 0.956174 0.422865 0.009494 0.040507
1 0.917724 0.423950 0.006917 0.040748
2 0.929523 0.381876 0.008002 0.036649
1 0.921521 0.361864 0.007731 0.036167