2 0.938893 0.557365 0.009843 0.040447
1 0.852162 0.511467 0.011618 0.032989
2 0.871929 0.578736 0.008875 0.041882
1 0.813678 0.576728 0.011456 0.037866
2 0.776082 0.532121 0.008875 0.035284
1 0.750022 0.575437 0.009682 0.037005
2 0.713072 0.550320 0.008426 0.034954
1 0.639108 0.581469 0.008426 0.038283
2 0.439469 0.506220 0.005045 0.029419
1 0.624030 0.532379 0.008634 0.035420
2 0.634573 0.511718 0.008135 0.029516
1 0.646527 0.488843 0.007139 0.025679
2 0.654829 0.499764 0.006475 0.026270
1 0.669605 0.473937 0.006475 0.023613
2 0.685295 0.506848 0.006973 0.029221
1 0.705052 0.468772 0.008301 0.019186
2 0.707543 0.496665 0.007305 0.027745
2 0.711196 0.538430 0.007305 0.034534
1 0.766563 0.505281 0.005391 0.025968
2 0.872291 0.548253 0.007825 0.031533
4 0.703724 0.528542 0.007637 0.031878
4 0.667611 0.460064 0.003404 0.014172
2 0.657292 0.478720 0.010129 0.026520