2 0.033336 0.421765 0.008132 0.038552
1 0.072415 0.408647 0.009789 0.036946
2 0.031680 0.504625 0.011445 0.041497
4 0.023698 0.567272 0.012047 0.048993
2 0.058636 0.504893 0.009638 0.046851
1 0.112398 0.581997 0.017770 0.044174
2 0.068726 0.648927 0.012047 0.053812
1 0.157877 0.642502 0.011445 0.052741
2 0.233020 0.525584 0.008213 0.042588
1 0.213114 0.495670 0.008556 0.044413
2 0.157217 0.449533 0.010153 0.038127
1 0.055607 0.788653 0.020533 0.051892
4 0.436559 0.822412 0.013618 0.060107
1 0.360487 0.686755 0.012209 0.056768
2 0.484463 0.550321 0.015066 0.040952
0 0.468709 0.567132 0.004415 0.008133
2 0.405490 0.392284 0.006910 0.033382
1 0.686621 0.528748 0.009163 0.047268
1 0.003904 0.457247 0.007809 0.042672
4 0.101992 0.321355 0.007530 0.026263