0 0.572678 0.319244 0.004228 0.008384
2 0.604065 0.312161 0.013986 0.044525
1 0.476726 0.381983 0.010083 0.047127
2 0.374513 0.435471 0.013824 0.047705
4 0.410291 0.442699 0.018052 0.051174
1 0.340523 0.314329 0.012197 0.045392
2 0.309135 0.351481 0.007969 0.045681
1 0.303281 0.308836 0.010571 0.043079
2 0.250751 0.407281 0.008619 0.046259
1 0.242701 0.410606 0.012035 0.046548
2 0.253353 0.419424 0.010246 0.050885
1 0.205865 0.468864 0.013498 0.051463
2 0.230178 0.514690 0.013661 0.053487
1 0.003275 0.398430 0.006550 0.054473
2 0.033600 0.402260 0.014842 0.053622
2 0.038627 0.339276 0.009575 0.052771
2 0.123794 0.253244 0.008323 0.043831
1 0.049802 0.499146 0.013031 0.055676
4 0.547336 0.677522 0.010998 0.056778
1 0.062460 0.365372 0.013750 0.048719
2 0.028839 0.252437 0.012755 0.042612