2 0.709675 0.683293 0.012574 0.051033
1 0.774916 0.575744 0.011862 0.049346
2 0.860441 0.683504 0.013523 0.050189
1 0.852375 0.494028 0.009727 0.042387
2 0.801784 0.511426 0.009608 0.046815
1 0.577236 0.423594 0.010320 0.039856
2 0.544556 0.501831 0.011150 0.049979
1 0.421014 0.520072 0.010557 0.043019
2 0.491652 0.459866 0.017556 0.016238
1 0.452270 0.494661 0.013285 0.042809
1 0.314816 0.402163 0.008935 0.042129
4 0.584811 0.266280 0.007770 0.032115
1 0.478801 0.440363 0.012773 0.040289
2 0.483694 0.408956 0.011228 0.034978
1 0.562343 0.461423 0.009065 0.041754
2 0.618277 0.469389 0.015246 0.037908
1 0.671740 0.477905 0.011537 0.039556
4 0.691415 0.431756 0.009065 0.041754
0 0.663756 0.448146 0.005048 0.008241
2 0.730919 0.501162 0.009786 0.040289
1 0.756466 0.425163 0.009580 0.039922
2 0.924006 0.552538 0.011264 0.046723
1 0.938302 0.644701 0.016173 0.057506
2 0.962707 0.521475 0.012130 0.047237
4 0.969544 0.879857 0.013400 0.059627