1 0.610477 0.525637 0.009413 0.039211
4 0.403400 0.814102 0.014470 0.051199
1 0.374600 0.635778 0.014751 0.045205
2 0.314964 0.521765 0.014049 0.038962
1 0.224270 0.560807 0.015385 0.043018
2 0.213889 0.560143 0.012547 0.041159
1 0.250260 0.661315 0.014489 0.036911
2 0.259820 0.693313 0.016580 0.040894
0 0.228751 0.709113 0.005527 0.010356
2 0.198728 0.685214 0.018671 0.036379
1 0.184314 0.679903 0.014638 0.044877
2 0.157726 0.676319 0.020912 0.041956
4 0.104477 0.587096 0.012995 0.040894
2 0.184314 0.486189 0.011352 0.034521
1 0.132051 0.479518 0.013693 0.035578
2 0.083833 0.465682 0.012991 0.032874