1 0.291280 0.368903 0.007751 0.029792
0 0.316269 0.381347 0.003396 0.005707
1 0.356411 0.385473 0.005374 0.030231
4 0.383090 0.317194 0.004816 0.021405
1 0.394907 0.420255 0.011162 0.033486
2 0.417830 0.471348 0.009222 0.032987
1 0.465073 0.447902 0.008209 0.033372
2 0.462222 0.390699 0.009871 0.026679
1 0.436278 0.372857 0.006734 0.026279
2 0.438397 0.359724 0.007037 0.024040
1 0.491717 0.501438 0.007046 0.036423
2 0.507419 0.353887 0.007312 0.026375
1 0.551183 0.361306 0.006867 0.026001
2 0.550336 0.444420 0.009025 0.031005
1 0.591397 0.404897 0.008363 0.028409
4 0.598925 0.394713 0.007029 0.027387
1 0.659532 0.368921 0.006502 0.026329
2 0.645330 0.436759 0.009894 0.031227
1 0.664661 0.418225 0.009274 0.030503
2 0.693312 0.411159 0.009513 0.030660
1 0.718453 0.403926 0.008083 0.030015
2 0.765743 0.436413 0.007586 0.031881
1 0.791668 0.530827 0.009272 0.037452
2 0.626235 0.580439 0.011306 0.041928