4 0.708884 0.411318 0.009219 0.038283
4 0.683274 0.319756 0.004832 0.021529
0 0.986956 0.360708 0.003434 0.005300
2 0.990653 0.346442 0.011466 0.034553
1 0.923610 0.373746 0.014471 0.038535
2 0.971818 0.520085 0.016093 0.051434
1 0.909896 0.402123 0.010884 0.041785
2 0.837321 0.362369 0.008721 0.031869
1 0.816609 0.364474 0.009217 0.033462
2 0.789954 0.394372 0.008776 0.034282
1 0.866037 0.330606 0.008466 0.029089
2 0.814997 0.338268 0.008498 0.028864
1 0.726778 0.367207 0.007683 0.032129
2 0.705149 0.328733 0.007030 0.026415
1 0.691805 0.348357 0.009120 0.030234
2 0.682678 0.339626 0.006070 0.024589
1 0.650026 0.367765 0.009125 0.032999
2 0.610780 0.408901 0.008415 0.035196
1 0.579362 0.423045 0.008267 0.033857
2 0.576179 0.448272 0.006750 0.035383
1 0.567136 0.470260 0.008038 0.037819
2 0.559320 0.504044 0.007121 0.039419
1 0.635747 0.649221 0.016622 0.056739
2 0.409379 0.424593 0.007215 0.034159