1 0.502984 0.397059 0.008221 0.032653
4 0.703083 0.320019 0.005955 0.025880
1 0.707305 0.345728 0.007475 0.028906
0 0.711561 0.358289 0.003219 0.005723
1 0.675967 0.414590 0.006961 0.035065
2 0.558856 0.487502 0.009811 0.040372
1 0.729164 0.396106 0.007758 0.037052
2 0.761643 0.373664 0.010782 0.036350
1 0.771651 0.319648 0.006800 0.028207
2 0.816442 0.329035 0.007676 0.031412
1 0.843873 0.351335 0.011436 0.034068
2 0.854846 0.348084 0.010612 0.030679
1 0.906061 0.313377 0.008118 0.027973
2 0.957157 0.330477 0.009786 0.033113
4 0.921043 0.388178 0.007743 0.037554
1 0.992689 0.420229 0.014002 0.050047
2 0.929128 0.517325 0.020894 0.053436
1 0.799159 0.495011 0.010286 0.045295
2 0.810759 0.801362 0.017269 0.077270
1 0.918891 0.396315 0.009900 0.039912