4 0.982683 0.927358 0.034474 0.090189
1 0.852035 0.612915 0.014495 0.070689
2 0.848705 0.481287 0.015278 0.051885
1 0.930189 0.445769 0.013711 0.054671
2 0.867381 0.380280 0.015654 0.042563
1 0.736162 0.469908 0.013199 0.048293
2 0.594329 0.572679 0.012852 0.049436
1 0.538889 0.568317 0.014839 0.051929
2 0.546775 0.499875 0.014722 0.043413
4 0.587845 0.441818 0.009931 0.033650
2 0.640189 0.421566 0.013670 0.036766
1 0.656137 0.421254 0.010048 0.041543
2 0.611738 0.380542 0.008880 0.031157
1 0.599236 0.346165 0.009114 0.024718
1 0.558167 0.378050 0.011333 0.028665
2 0.548586 0.428524 0.013670 0.033234
1 0.518150 0.431017 0.010983 0.034065
2 0.472582 0.478168 0.011684 0.039050
1 0.459379 0.472872 0.010282 0.039674
2 0.445767 0.521789 0.013437 0.042374
1 0.368887 0.420735 0.007595 0.033027
2 0.369705 0.566759 0.012969 0.047982
1 0.589674 0.427616 0.013138 0.030169
4 0.628769 0.321640 0.011169 0.024179
0 0.584573 0.364798 0.004042 0.006392