2 0.338334 0.421922 0.013202 0.044178
4 0.833238 0.298192 0.009067 0.034340
2 0.830741 0.383342 0.009855 0.038779
1 0.851043 0.387547 0.008410 0.039713
2 0.822528 0.431115 0.008935 0.041816
1 0.783895 0.473047 0.009724 0.044853
2 0.814512 0.472346 0.009987 0.043451
1 0.801372 0.504117 0.008673 0.046254
2 0.887376 0.442094 0.009330 0.043217
1 0.899991 0.436254 0.009067 0.038545
2 0.970226 0.366522 0.010512 0.038312
1 0.788690 0.603389 0.009431 0.049049
2 0.972600 0.568730 0.014077 0.048799
4 0.984917 0.586497 0.016470 0.050801