4 0.138875 0.380171 0.006520 0.027528
1 0.140301 0.475615 0.010187 0.034773
2 0.114170 0.539003 0.010697 0.040930
1 0.210834 0.472941 0.010874 0.036154
2 0.216871 0.490893 0.008827 0.038162
1 0.250094 0.522590 0.011298 0.037032
2 0.270643 0.514430 0.011722 0.037032
1 0.308679 0.621436 0.012115 0.039923
2 0.524124 0.604037 0.011443 0.038821
1 0.569215 0.563816 0.009449 0.036768
2 0.547063 0.496813 0.009239 0.037141
1 0.501343 0.444274 0.008714 0.030235
2 0.469690 0.465085 0.008399 0.032288
1 0.470268 0.433636 0.006824 0.032102
2 0.487432 0.419825 0.009239 0.028369
1 0.439417 0.515069 0.008365 0.033628
4 0.432329 0.455541 0.006868 0.032288
2 0.413938 0.420404 0.007478 0.030660
1 0.420005 0.408262 0.005723 0.028082
2 0.445912 0.394696 0.008852 0.024555
0 0.439273 0.405414 0.002900 0.004477
2 0.458236 0.402497 0.009386 0.023605
1 0.677164 0.501656 0.008745 0.035105
4 0.724310 0.777744 0.013399 0.050648
2 0.440155 0.510083 0.010018 0.033516