1 0.458102 0.452532 0.007392 0.043075
2 0.805875 0.542532 0.009666 0.044162
1 0.763554 0.411169 0.006685 0.038702
2 0.785415 0.342516 0.005239 0.032761
1 0.832749 0.378328 0.006685 0.033403
4 0.719653 0.316741 0.005962 0.030030
0 0.889252 0.369817 0.003342 0.007387
2 0.895530 0.359619 0.009756 0.033242
1 0.918429 0.358174 0.011472 0.032921
2 0.910209 0.469945 0.008943 0.042878
1 0.970009 0.388766 0.008762 0.033403
2 0.976738 0.384350 0.007227 0.036775
1 0.968383 0.332560 0.008762 0.032439
2 0.981481 0.319311 0.008762 0.033242