4 0.831350 0.761049 0.009882 0.047252
2 0.707784 0.540970 0.011614 0.038210
1 0.682353 0.528155 0.008811 0.035362
2 0.613802 0.521865 0.012949 0.039871
0 0.591909 0.484375 0.004405 0.007104
2 0.577178 0.460921 0.008950 0.033044
1 0.495686 0.518901 0.009122 0.037940
2 0.448786 0.511329 0.007917 0.038399
1 0.345695 0.457325 0.007573 0.034727
2 0.384548 0.555617 0.011445 0.039776
1 0.328828 0.572063 0.009810 0.042376
2 0.384505 0.637923 0.012047 0.048037
1 0.257447 0.560819 0.010757 0.041000
2 0.275690 0.512170 0.007315 0.036716
4 0.277368 0.542537 0.008605 0.042682
2 0.316600 0.727068 0.013143 0.049931
1 0.187962 0.720266 0.014943 0.050411
2 0.160821 0.673857 0.011973 0.047530
1 0.124589 0.605842 0.009542 0.046250
2 0.119682 0.515263 0.015393 0.039849
1 0.135751 0.550150 0.009542 0.041769
2 0.117702 0.468373 0.007112 0.035368
1 0.141557 0.451489 0.008732 0.037768
2 0.189267 0.445648 0.008912 0.033447
4 0.132192 0.375700 0.007039 0.028019