4 0.953062 0.743818 0.022569 0.067920
4 0.657324 0.374743 0.011412 0.041958
0 0.663504 0.290557 0.003473 0.005974
2 0.475361 0.416434 0.008571 0.044237
1 0.494438 0.390711 0.009861 0.043581
2 0.510197 0.415697 0.010414 0.045711
1 0.508446 0.365890 0.009861 0.038830
2 0.525219 0.373180 0.013363 0.040304
1 0.348852 0.378875 0.007427 0.042658
2 0.576876 0.315876 0.009285 0.037343
1 0.636506 0.283201 0.007382 0.032878
2 0.663029 0.277315 0.010503 0.032472
1 0.675206 0.297339 0.009133 0.031119
2 0.679163 0.305255 0.013243 0.028548
1 0.664712 0.350122 0.008820 0.038265
2 0.723055 0.321855 0.009467 0.040135
1 0.741221 0.326746 0.009225 0.037258
2 0.806900 0.296287 0.011309 0.033039
1 0.825268 0.384582 0.008860 0.045204
2 0.869136 0.327469 0.007131 0.041874
1 0.945705 0.322450 0.009832 0.040278
2 0.993948 0.379826 0.009588 0.043860
1 0.815699 0.522204 0.016382 0.053623
2 0.651360 0.416867 0.010964 0.042402
4 0.604829 0.271638 0.007328 0.029474