4 0.902898 0.918867 0.030635 0.091371
2 0.904476 0.545356 0.017847 0.054643
1 0.889913 0.614321 0.016484 0.057287
2 0.857131 0.615643 0.027019 0.064779
1 0.885513 0.418773 0.017351 0.042525
2 0.738635 0.369256 0.016589 0.033619
4 0.659757 0.479699 0.014764 0.043941
2 0.655361 0.430007 0.013603 0.038338
1 0.634376 0.363653 0.011446 0.031260
2 0.598379 0.434726 0.012441 0.035979
1 0.579385 0.430155 0.011944 0.038043
2 0.648725 0.567876 0.015593 0.048660
1 0.541481 0.550329 0.012110 0.044236
2 0.582620 0.527474 0.017750 0.046890
1 0.573911 0.674633 0.014266 0.063995
0 0.580215 0.698225 0.007299 0.011501
1 0.481035 0.476088 0.015478 0.043810
2 0.544013 0.362693 0.009383 0.028298
4 0.584773 0.325406 0.005082 0.021413
2 0.468916 0.421372 0.008071 0.032875
1 0.437524 0.448937 0.009087 0.034909
2 0.421891 0.426512 0.007435 0.031181
1 0.386273 0.434816 0.012074 0.034231
2 0.379823 0.530560 0.010358 0.040444
1 0.400921 0.538581 0.009341 0.043833