4 0.981834 0.793728 0.015840 0.058890
1 0.743607 0.716396 0.013031 0.056078
2 0.838603 0.517704 0.010866 0.046992
1 0.821739 0.435003 0.010835 0.041621
2 0.842042 0.386025 0.009450 0.038653
1 0.820176 0.378351 0.010196 0.037200
2 0.829057 0.323941 0.007496 0.033600
0 0.822769 0.337014 0.004512 0.007705
2 0.738413 0.346346 0.014910 0.026709
1 0.686448 0.325000 0.006784 0.032310
2 0.658247 0.348117 0.008561 0.030233
4 0.634544 0.309575 0.006639 0.026454
2 0.612345 0.436891 0.008562 0.037738
1 0.578053 0.426026 0.011012 0.037633
2 0.583087 0.409598 0.008031 0.040678
1 0.557152 0.444480 0.010594 0.037373
2 0.566513 0.471253 0.012786 0.036486
1 0.549101 0.479689 0.010587 0.041452
2 0.522495 0.533115 0.011862 0.045129
1 0.531034 0.540843 0.009698 0.043137
2 0.380825 0.449680 0.009746 0.036802
1 0.707496 0.531590 0.010880 0.041771
4 0.650273 0.455998 0.008687 0.038090
1 0.692539 0.418629 0.010398 0.037770
2 0.939686 0.431341 0.013252 0.041366