1 0.346334 0.391669 0.009278 0.032183
4 0.695332 0.407328 0.008745 0.037633
4 0.589491 0.222284 0.006601 0.022461
0 0.683844 0.693992 0.005736 0.010057
1 0.653433 0.673411 0.022114 0.044675
2 0.668968 0.679341 0.018276 0.042238
1 0.554657 0.573142 0.013245 0.040052
2 0.586744 0.568044 0.014337 0.046364
1 0.508369 0.432472 0.009695 0.035440
2 0.642399 0.503164 0.010494 0.044253
1 0.802921 0.561324 0.011363 0.049430
2 0.869646 0.618988 0.015799 0.053245
1 0.964519 0.314942 0.009427 0.038126
2 0.826568 0.273823 0.009914 0.030645
1 0.746915 0.295571 0.007043 0.031563
2 0.625951 0.412799 0.010586 0.033876
1 0.649332 0.392860 0.008223 0.036063
2 0.827442 0.440711 0.014009 0.037809
1 0.839668 0.413146 0.012735 0.041771
2 0.559367 0.381494 0.010329 0.035279
1 0.544830 0.374651 0.008894 0.035874
2 0.566777 0.331945 0.008263 0.030678
1 0.603453 0.323162 0.010183 0.032091