0 0.541723 0.661262 0.004860 0.008499
4 0.602293 0.820587 0.015000 0.060729
4 0.323750 0.511856 0.011626 0.045294
4 0.200408 0.320382 0.008438 0.028759
2 0.104835 0.508088 0.011380 0.045989
1 0.061103 0.587246 0.020245 0.044342
2 0.061698 0.637234 0.022098 0.046695
1 0.079231 0.650936 0.018790 0.042108
2 0.294524 0.713904 0.012759 0.047942
1 0.192939 0.604704 0.015078 0.041240
2 0.265624 0.593793 0.012179 0.052409
1 0.274857 0.429466 0.009694 0.039314
2 0.312799 0.443738 0.010148 0.041199
1 0.389403 0.534415 0.013708 0.045372
2 0.383685 0.531924 0.009997 0.041468
1 0.404939 0.637854 0.011805 0.051427
2 0.422647 0.627040 0.014058 0.052869
1 0.483747 0.573450 0.016041 0.049184
2 0.522182 0.611099 0.013247 0.046300
1 0.557625 0.621121 0.011710 0.047164
2 0.575739 0.547774 0.012441 0.046838
1 0.585939 0.552165 0.009606 0.047814
2 0.518746 0.501830 0.013905 0.043423
1 0.769699 0.538195 0.012234 0.051422
2 0.390464 0.759237 0.020031 0.055629