4 0.467252 0.317003 0.008570 0.027649
4 0.704192 0.450170 0.012696 0.042320
1 0.308869 0.484590 0.012379 0.041192
2 0.446462 0.492772 0.012061 0.040627
2 0.444716 0.428163 0.008570 0.034420
2 0.520734 0.532271 0.013331 0.044013
1 0.538032 0.436910 0.013013 0.038370
2 0.551204 0.426753 0.013331 0.036113
2 0.598973 0.516471 0.014283 0.042884
1 0.644996 0.418853 0.011109 0.037242
2 0.751802 0.481487 0.012696 0.045141
1 0.761324 0.551738 0.020314 0.051348
2 0.785764 0.387254 0.013966 0.037242
1 0.884793 0.387254 0.013331 0.039499
2 0.892410 0.379636 0.015235 0.038935
1 0.952717 0.415467 0.012061 0.039499
2 0.964778 0.419982 0.013331 0.041756
1 0.980648 0.493054 0.013966 0.050220
2 0.461043 0.449785 0.011998 0.034050
1 0.461318 0.409375 0.006604 0.033463
2 0.558843 0.393577 0.008346 0.031480
1 0.547522 0.466020 0.009797 0.035738
2 0.545198 0.460032 0.008059 0.033582