4 0.483794 0.703869 0.021965 0.078275
4 0.232683 0.385704 0.008429 0.037971
2 0.594751 0.405723 0.007951 0.036107
1 0.352836 0.461482 0.012023 0.043910
2 0.321659 0.445492 0.013235 0.043744
1 0.296726 0.403487 0.008295 0.039271
2 0.335779 0.415252 0.009600 0.040927
1 0.340253 0.384184 0.008855 0.039105
2 0.308377 0.349304 0.009600 0.031648
1 0.258326 0.336545 0.006804 0.033637
2 0.216989 0.395700 0.010439 0.040265
1 0.193781 0.364051 0.008388 0.036288
2 0.161019 0.361234 0.010159 0.035625
1 0.196810 0.324201 0.010532 0.030488
2 0.132732 0.330083 0.008202 0.032311
1 0.013181 0.412794 0.011557 0.042087
2 0.172001 0.533665 0.013645 0.055206
1 0.202231 0.470931 0.014586 0.047260
1 0.018091 0.317976 0.007811 0.022983
0 0.023772 0.325604 0.005045 0.008627