2 0.634877 0.499516 0.007531 0.043175
1 0.319534 0.449647 0.012425 0.047192
2 0.317368 0.488973 0.009978 0.044849
1 0.272656 0.437431 0.012802 0.040163
2 0.254608 0.462290 0.018712 0.044146
1 0.241580 0.388609 0.008044 0.039794
2 0.204769 0.451720 0.011017 0.044768
4 0.157815 0.436486 0.010842 0.042903
2 0.146186 0.530530 0.016963 0.043835
1 0.114621 0.541877 0.014340 0.047255
2 0.080345 0.434310 0.009793 0.044768
1 0.041261 0.697322 0.023258 0.065908
1 0.272581 0.606704 0.009371 0.052220
2 0.081250 0.333662 0.012253 0.037581
4 0.450371 0.771641 0.011561 0.061591