2 0.722038 0.560047 0.019841 0.052909
1 0.420868 0.357705 0.009270 0.035837
2 0.714668 0.467829 0.010145 0.045273
1 0.693861 0.353909 0.008696 0.039016
4 0.697022 0.207331 0.007469 0.024433
1 0.717040 0.245043 0.007669 0.029391
2 0.729539 0.241059 0.006573 0.030276
1 0.712758 0.313562 0.009461 0.033994
4 0.840682 0.329214 0.009476 0.040098
1 0.904277 0.398258 0.010143 0.041996
2 0.851960 0.353059 0.009609 0.035590
1 0.797974 0.301691 0.009743 0.032980
2 0.843618 0.254001 0.008675 0.032031
1 0.944801 0.496192 0.011137 0.047561
2 0.895385 0.195566 0.008740 0.024693
1 0.723118 0.335874 0.008703 0.036976