1 0.398097 0.302281 0.011613 0.044398
2 0.750702 0.252437 0.011545 0.035657
1 0.695815 0.277223 0.009001 0.034091
2 0.681481 0.290181 0.008708 0.039135
1 0.685053 0.329317 0.009393 0.040527
2 0.678889 0.342275 0.008805 0.042440
1 0.798790 0.317837 0.008512 0.039135
2 0.843306 0.254177 0.008903 0.038440
1 0.858716 0.305053 0.013502 0.036874
2 0.862532 0.392542 0.017415 0.039657
1 0.756426 0.412110 0.013600 0.045049
2 0.981944 0.485076 0.014774 0.045571
1 0.767433 0.591090 0.019372 0.051659
2 0.690336 0.448463 0.010958 0.044701
4 0.834012 0.357581 0.010860 0.036526
4 0.718045 0.193550 0.009313 0.031437