2 0.309272 0.489010 0.010320 0.042393
1 0.374482 0.386365 0.008630 0.033373
2 0.526001 0.380962 0.013376 0.037368
2 0.553883 0.489837 0.015577 0.042814
1 0.579134 0.498047 0.013502 0.042602
2 0.660237 0.587671 0.012448 0.047044
1 0.751647 0.621270 0.015833 0.046504
1 0.705409 0.422478 0.013209 0.037090
2 0.670660 0.351227 0.012495 0.030155
4 0.790394 0.456804 0.017541 0.036541
2 0.806165 0.430729 0.014081 0.034327
1 0.812343 0.471760 0.016858 0.040709
2 0.853015 0.499944 0.019773 0.041502
1 0.912424 0.469466 0.017358 0.032013
2 0.935947 0.476316 0.020116 0.041098
1 0.936677 0.428657 0.014438 0.039800
2 0.861083 0.373183 0.014435 0.033154
1 0.973045 0.372944 0.012711 0.033422
2 0.706507 0.491197 0.010908 0.041123
4 0.557458 0.319579 0.005690 0.028875