0 0.497484 0.659485 0.005625 0.008325
4 0.120974 0.579151 0.016076 0.047108
4 0.658174 0.725901 0.016811 0.049728
2 0.693211 0.441318 0.011267 0.034711
1 0.565329 0.552778 0.010111 0.043604
2 0.483676 0.656829 0.016819 0.048330
1 0.449192 0.643853 0.017242 0.042688
2 0.469650 0.579962 0.011776 0.042053
1 0.390461 0.642668 0.015641 0.049895
2 0.409819 0.662981 0.013756 0.051867
1 0.354557 0.795744 0.016190 0.060182
2 0.258438 0.737071 0.012231 0.053707
1 0.134211 0.606479 0.013185 0.046070
2 0.223434 0.459441 0.013856 0.036716
1 0.228373 0.396375 0.014629 0.029155
2 0.401486 0.430285 0.015403 0.030928