1 0.848365 0.520873 0.013492 0.053874
2 0.834256 0.471499 0.007653 0.043611
0 0.778800 0.572977 0.004927 0.009132
2 0.784094 0.561888 0.011112 0.042865
1 0.769679 0.520048 0.015201 0.049015
2 0.777699 0.472804 0.012370 0.041374
4 0.701260 0.506044 0.016800 0.049034
2 0.696621 0.492559 0.012036 0.045691
1 0.674995 0.504706 0.010155 0.046360
2 0.682015 0.506712 0.012662 0.049480
1 0.692985 0.429706 0.012537 0.035884
2 0.729806 0.397691 0.006364 0.035768
1 0.649012 0.433754 0.007625 0.038073
2 0.638669 0.374120 0.007544 0.029564
1 0.610684 0.440505 0.009312 0.038110
2 0.601841 0.408707 0.008776 0.030965
1 0.604386 0.385298 0.008793 0.030248
4 0.587259 0.343401 0.005470 0.024703
1 0.532139 0.491912 0.009224 0.047118
2 0.558057 0.409948 0.008973 0.033561
1 0.559538 0.438467 0.007365 0.039430
2 0.366402 0.423245 0.007821 0.034840
1 0.641914 0.567654 0.012330 0.054800
2 0.994310 0.464955 0.011379 0.044484