1 0.585183 0.641423 0.015189 0.049657
2 0.532675 0.610080 0.017211 0.049721
2 0.482537 0.524782 0.012716 0.043574
1 0.506836 0.458891 0.013382 0.039343
2 0.406585 0.550799 0.012877 0.046902
1 0.238983 0.543086 0.012929 0.049006
0 0.104229 0.441119 0.005552 0.008044
1 0.059897 0.537873 0.022659 0.051268
2 0.087072 0.562416 0.021520 0.050510
1 0.686726 0.517481 0.008247 0.042384
2 0.744029 0.603502 0.008561 0.045511
4 0.821975 0.774132 0.017259 0.055139
2 0.595349 0.604090 0.009731 0.048314
1 0.453334 0.464013 0.006622 0.040929
2 0.119971 0.476872 0.019398 0.046656
4 0.499906 0.552221 0.013545 0.044721
1 0.650080 0.565497 0.011837 0.037684
2 0.597356 0.561839 0.011836 0.047573
1 0.591052 0.553834 0.011579 0.048946
2 0.137183 0.484802 0.021083 0.050708
2 0.599393 0.538525 0.014279 0.047554
1 0.596879 0.525117 0.013274 0.045766
2 0.643886 0.549476 0.015967 0.048500
4 0.003137 0.290118 0.006274 0.034383
2 0.500950 0.513397 0.014738 0.043980