2 0.717567 0.513306 0.007846 0.037629
1 0.379178 0.493194 0.006569 0.036332
2 0.409467 0.558558 0.011313 0.039251
1 0.289768 0.519307 0.006204 0.039251
2 0.277816 0.430100 0.006386 0.030168
1 0.229735 0.538446 0.010583 0.043144
2 0.280188 0.595376 0.008211 0.044766
1 0.163681 0.436263 0.008394 0.020437
2 0.152459 0.479731 0.010401 0.037954
1 0.149175 0.528876 0.007481 0.038927
0 0.155196 0.544285 0.004927 0.007461
4 0.157933 0.604459 0.007846 0.045415
2 0.158663 0.693504 0.014050 0.048334
1 0.044276 0.473413 0.009445 0.035318
2 0.016675 0.528271 0.009607 0.035607
1 0.017326 0.567352 0.007328 0.040818
2 0.376871 0.688214 0.011561 0.044581
4 0.490700 0.806274 0.010175 0.049992