4 0.827466 0.571906 0.013862 0.049287
4 0.758702 0.303119 0.008282 0.027024
1 0.884629 0.723478 0.014987 0.059312
2 0.759562 0.736799 0.011775 0.053603
1 0.732711 0.765821 0.014095 0.055189
2 0.829589 0.635302 0.016235 0.049797
1 0.807733 0.626104 0.010348 0.051700
2 0.689357 0.666703 0.013024 0.053603
1 0.672408 0.672412 0.012310 0.052334
2 0.647024 0.584258 0.013563 0.045787
1 0.705696 0.484150 0.011125 0.041723
2 0.764978 0.529395 0.013563 0.039555
1 0.749053 0.534272 0.014630 0.043890
2 0.399225 0.481340 0.012217 0.040492
1 0.964588 0.466966 0.012755 0.040137