1 0.290019 0.516695 0.012975 0.049976
2 0.367763 0.329150 0.011487 0.045748
1 0.523925 0.274433 0.008142 0.038161
4 0.544089 0.167371 0.006766 0.031275
1 0.721941 0.236034 0.007381 0.032636
2 0.636259 0.325742 0.008239 0.038600
1 0.642953 0.344508 0.007724 0.040125
2 0.571863 0.466719 0.015767 0.047651
1 0.632350 0.464553 0.012613 0.051473
2 0.602536 0.610053 0.010607 0.049944
1 0.677070 0.682166 0.010607 0.057079
2 0.728312 0.586737 0.015337 0.052237
1 0.804279 0.613748 0.013903 0.052747
2 0.837317 0.655410 0.018633 0.054531
1 0.869280 0.689173 0.013473 0.055295
2 0.991905 0.541085 0.015004 0.055210
1 0.970952 0.517873 0.013194 0.053688
2 0.994785 0.432390 0.010430 0.047954
1 0.931076 0.365410 0.011142 0.040136
2 0.900804 0.298300 0.008063 0.039875
4 0.803173 0.460779 0.011856 0.049456
2 0.450754 0.543927 0.010788 0.053875
1 0.470149 0.398681 0.009091 0.046548