2 0.383923 0.477900 0.010378 0.038579
1 0.621054 0.605273 0.012897 0.048040
2 0.672633 0.589253 0.013642 0.044688
1 0.712422 0.566459 0.011874 0.046709
2 0.660633 0.508859 0.009853 0.039748
1 0.803812 0.642474 0.010484 0.050077
2 0.820928 0.663134 0.017432 0.048281
1 0.852002 0.724664 0.016168 0.054569
2 0.994539 0.664634 0.010897 0.053429
1 0.901875 0.473950 0.009724 0.041943
4 0.807367 0.577888 0.011410 0.046165
1 0.629110 0.748810 0.011965 0.054519
2 0.690356 0.725647 0.010990 0.053348
1 0.663358 0.692517 0.023127 0.053008
2 0.679987 0.692092 0.010895 0.055557
4 0.735940 0.304021 0.008867 0.028044