2 0.385601 0.360983 0.008284 0.040498
1 0.479169 0.445995 0.009413 0.041837
2 0.538284 0.340566 0.010919 0.038490
1 0.597400 0.446497 0.010543 0.042841
2 0.557393 0.601962 0.011861 0.050539
1 0.603840 0.411468 0.010842 0.040477
2 0.663084 0.316609 0.008209 0.035796
1 0.690266 0.304907 0.010222 0.032216
2 0.726122 0.404309 0.008209 0.039375
1 0.746103 0.325421 0.009138 0.033593
2 0.786063 0.366173 0.010997 0.035796
1 0.786993 0.429504 0.011307 0.039100
2 0.818822 0.358601 0.009293 0.035521
1 0.779016 0.307936 0.010222 0.034970
2 0.767245 0.300777 0.007744 0.034970
1 0.814300 0.569570 0.011918 0.046537
4 0.817147 0.425458 0.008797 0.040853
4 0.591390 0.269867 0.007181 0.031597