1 0.285134 0.438181 0.009581 0.037018
4 0.523817 0.321015 0.005621 0.022372
1 0.545193 0.399447 0.007317 0.032110
2 0.561958 0.449342 0.010837 0.035074
0 0.565524 0.410809 0.003149 0.008069
2 0.588681 0.424559 0.009633 0.033263
1 0.577936 0.372442 0.007225 0.029476
2 0.544081 0.369807 0.006021 0.026182
1 0.592236 0.521594 0.012502 0.037239
2 0.661424 0.448764 0.011375 0.033026
1 0.679882 0.531754 0.012554 0.040406
2 0.688604 0.469970 0.011496 0.036648
1 0.605962 0.396203 0.009028 0.031353
2 0.612155 0.398442 0.008608 0.029486
1 0.679415 0.395066 0.008804 0.029941
2 0.624630 0.364629 0.007670 0.027397
1 0.678637 0.347584 0.008159 0.025289
2 0.727058 0.362796 0.009294 0.025782
1 0.695960 0.414451 0.011643 0.031410
4 0.742837 0.410002 0.007353 0.030502
1 0.789057 0.405325 0.009001 0.030655
2 0.813227 0.454282 0.010830 0.034091
1 0.951062 0.637420 0.017119 0.048321
2 0.910226 0.555645 0.010977 0.041352