2 0.017848 0.399931 0.010803 0.034834
1 0.030439 0.387216 0.010803 0.032185
2 0.042508 0.375295 0.007227 0.028212
1 0.065120 0.436421 0.012814 0.037881
4 0.069702 0.427878 0.014677 0.041192
4 0.069289 0.340016 0.010598 0.023505
4 0.394109 0.694364 0.021714 0.056971
1 0.413462 0.316569 0.006731 0.026970
0 0.404836 0.333377 0.002404 0.006078
1 0.282013 0.387144 0.006715 0.033404
2 0.245942 0.374221 0.008255 0.030119
1 0.243879 0.414854 0.008687 0.037347
2 0.235377 0.418577 0.008440 0.037566
1 0.214030 0.460415 0.008378 0.040414
2 0.198074 0.431227 0.012568 0.033952
1 0.188741 0.392401 0.006345 0.030557
2 0.182457 0.362830 0.010042 0.030119
1 0.169735 0.417154 0.010720 0.037785
1 0.129467 0.396584 0.008673 0.029105
2 0.131700 0.430160 0.009033 0.035127
1 0.127697 0.374109 0.007801 0.032816
1 0.131025 0.472964 0.017510 0.041022