1 0.311445 0.440953 0.006422 0.037344
2 0.519699 0.566068 0.014851 0.039247
1 0.515016 0.560954 0.012711 0.037582
2 0.531674 0.487455 0.012042 0.036155
1 0.560172 0.425730 0.010169 0.035917
2 0.578034 0.429893 0.006824 0.034728
1 0.564855 0.364244 0.005887 0.029019
2 0.614025 0.318574 0.011908 0.026640
1 0.690557 0.330586 0.006824 0.027830
2 0.652358 0.420141 0.007225 0.031873
1 0.668146 0.451538 0.007493 0.037582
2 0.624328 0.488169 0.011373 0.034252
1 0.723270 0.542520 0.008295 0.037820
2 0.738188 0.539784 0.011105 0.034728
1 0.749695 0.452371 0.008429 0.033538
2 0.843980 0.647867 0.016194 0.040739
1 0.913491 0.686026 0.011916 0.047529
0 0.906587 0.699742 0.003608 0.008148
1 0.991504 0.553896 0.011105 0.041282
2 0.881990 0.397866 0.006815 0.031881
1 0.610257 0.664987 0.009158 0.044303
2 0.641032 0.694344 0.010659 0.047506
4 0.651520 0.514250 0.008142 0.037119
4 0.532429 0.302496 0.006410 0.023143