2 0.316010 0.404223 0.010910 0.040479
1 0.447766 0.411813 0.012571 0.037950
2 0.473856 0.405910 0.011622 0.037950
1 0.414204 0.472321 0.013757 0.040901
2 0.447884 0.473586 0.012808 0.045118
1 0.404835 0.540420 0.009725 0.046383
2 0.472552 0.514698 0.015654 0.047226
4 0.559350 0.266226 0.006810 0.032863
2 0.495057 0.377498 0.009891 0.035745
1 0.550270 0.355013 0.010053 0.034592
2 0.507705 0.450718 0.010216 0.043240
1 0.525055 0.469167 0.012810 0.042664
4 0.549459 0.496120 0.009729 0.040069
1 0.554324 0.511687 0.012648 0.042952
2 0.504057 0.663893 0.017188 0.053330
1 0.598591 0.606816 0.018810 0.051024
2 0.625908 0.352614 0.008165 0.034907
1 0.643696 0.360390 0.008359 0.035252
2 0.721944 0.460444 0.015164 0.040436
1 0.700463 0.498115 0.011470 0.044584
2 0.786292 0.501225 0.010498 0.043892
1 0.842767 0.503472 0.015747 0.047003
2 0.912683 0.461145 0.009345 0.041841
4 0.910383 0.864322 0.010809 0.059397