2 0.534430 0.386734 0.013089 0.036019
1 0.336573 0.368087 0.013268 0.031876
0 0.291477 0.338849 0.003803 0.005474
1 0.272188 0.333697 0.013403 0.025115
1 0.353219 0.560420 0.014197 0.046821
2 0.260835 0.627359 0.019547 0.048284
1 0.156110 0.424591 0.013528 0.034661
2 0.089462 0.452061 0.014722 0.038198
1 0.079979 0.395117 0.011406 0.031832
4 0.068573 0.433315 0.013528 0.037491
1 0.013995 0.409854 0.010213 0.036312
4 0.599028 0.736573 0.019724 0.053572
2 0.256662 0.347008 0.016143 0.024928
1 0.259172 0.330957 0.011228 0.027595