2 0.300131 0.415986 0.012011 0.035113
1 0.405291 0.419307 0.010409 0.031317
2 0.411430 0.366875 0.005605 0.030842
1 0.441190 0.329153 0.008541 0.030368
2 0.449073 0.318609 0.008344 0.009271
1 0.462333 0.329866 0.006854 0.024369
4 0.392455 0.292386 0.006854 0.025164
1 0.493399 0.318344 0.008791 0.023045
2 0.482075 0.352116 0.006407 0.024899
1 0.509118 0.380723 0.007748 0.030196
2 0.522229 0.392907 0.009834 0.032315
1 0.563575 0.355957 0.008493 0.030991
2 0.480883 0.413965 0.009387 0.029931
1 0.476488 0.452240 0.013708 0.031256
2 0.524762 0.449459 0.011920 0.030461
1 0.436334 0.499124 0.011175 0.030196
4 0.597472 0.407741 0.008046 0.032315
1 0.601643 0.395291 0.005662 0.032315
2 0.701992 0.370525 0.005811 0.030991
1 0.715550 0.377809 0.006109 0.031786
2 0.732833 0.501111 0.010579 0.035229
1 0.778724 0.397145 0.008493 0.031256
4 0.892928 0.733410 0.009834 0.045824
1 0.293787 0.355050 0.007245 0.027046