2 0.390318 0.289876 0.009107 0.042790
1 0.586838 0.322878 0.010826 0.042456
2 0.616929 0.329954 0.009553 0.042456
1 0.597028 0.364626 0.010189 0.039909
2 0.607043 0.215224 0.007997 0.035542
1 0.651237 0.276982 0.008633 0.038528
2 0.655113 0.292174 0.009338 0.039467
1 0.671323 0.215902 0.008281 0.033516
2 0.681454 0.206661 0.008810 0.032576
1 0.710966 0.251610 0.008281 0.037901
2 0.784994 0.239245 0.008450 0.033798
1 0.757850 0.338574 0.009928 0.041685
1 0.880396 0.322943 0.011599 0.038409
2 0.874711 0.266542 0.013418 0.031536
1 0.854129 0.266946 0.009097 0.038814
2 0.866720 0.416323 0.009818 0.043638
1 0.923293 0.442090 0.009351 0.046131
2 0.969761 0.275732 0.007790 0.036080
4 0.825326 0.327624 0.012597 0.039960
4 0.659997 0.184039 0.008729 0.030262
1 0.858742 0.237215 0.013443 0.031865
2 0.870408 0.352002 0.009518 0.042158