1 0.026182 0.472035 0.014185 0.043711
2 0.040682 0.506499 0.013555 0.040909
1 0.078900 0.375410 0.012771 0.033713
2 0.187070 0.390202 0.012384 0.038529
1 0.207528 0.327087 0.011929 0.030378
2 0.198984 0.365202 0.012251 0.034390
1 0.269430 0.441720 0.012574 0.040695
2 0.313116 0.396153 0.009027 0.036683
1 0.274427 0.596762 0.014831 0.045853
4 0.356663 0.822188 0.017355 0.058165
2 0.415183 0.385738 0.008199 0.039708
1 0.402601 0.472694 0.014702 0.042724
2 0.691668 0.446023 0.006522 0.045824
1 0.099584 0.395903 0.012861 0.032097
2 0.188436 0.353656 0.009893 0.032097
1 0.028845 0.354717 0.017308 0.037787
4 0.044483 0.320169 0.011539 0.028070
4 0.108668 0.445659 0.011960 0.037139
2 0.105624 0.377704 0.009313 0.028811
1 0.029920 0.337299 0.007723 0.029633