1 0.360455 0.333055 0.013969 0.047171
2 0.364123 0.243429 0.009131 0.041067
1 0.316735 0.173136 0.009209 0.029855
2 0.347761 0.175763 0.008520 0.034933
1 0.222952 0.211526 0.013546 0.038714
2 0.602870 0.211506 0.008726 0.035012
1 0.397623 0.196046 0.006622 0.033754
2 0.393299 0.194965 0.006351 0.032793
1 0.356266 0.177470 0.007960 0.029312
2 0.288221 0.247646 0.007264 0.037981
1 0.296789 0.290427 0.009925 0.039773
4 0.218032 0.287678 0.014596 0.035609
1 0.232860 0.330878 0.012111 0.047203
2 0.224398 0.336330 0.016148 0.043752
1 0.134308 0.221665 0.011267 0.032084
2 0.009770 0.298419 0.016452 0.040593
2 0.019891 0.375705 0.023133 0.042366
1 0.057126 0.437311 0.023066 0.053835
2 0.376349 0.281098 0.010230 0.039035
1 0.379260 0.320724 0.012891 0.041400
2 0.440038 0.343140 0.009881 0.040537
0 0.414575 0.373936 0.004712 0.008130
4 0.728950 0.479608 0.013585 0.056710
4 0.018972 0.180310 0.011747 0.024625