4 0.067735 0.380130 0.006608 0.027477
1 0.075798 0.413878 0.009744 0.028870
2 0.132973 0.427318 0.011872 0.033450
1 0.126477 0.481375 0.010528 0.032852
2 0.198914 0.402486 0.010424 0.024653
1 0.218179 0.387099 0.010237 0.024322
0 0.210767 0.382234 0.002361 0.004197
1 0.231253 0.459720 0.012983 0.029675
2 0.246259 0.429595 0.008262 0.019784
1 0.244657 0.417904 0.007082 0.025179
2 0.267672 0.417305 0.007250 0.033572
1 0.262614 0.405615 0.009611 0.027577
2 0.147638 0.608111 0.010727 0.038823
1 0.042183 0.516673 0.009770 0.039845
2 0.380309 0.560423 0.006644 0.039091
1 0.390196 0.547908 0.012497 0.033186
2 0.383236 0.486600 0.009650 0.034310
1 0.370739 0.454539 0.008384 0.032623
2 0.354128 0.426697 0.008384 0.031498
1 0.354603 0.403636 0.007119 0.028686
2 0.350094 0.400261 0.006011 0.030373
1 0.333168 0.430072 0.008226 0.030373
2 0.625364 0.501777 0.008473 0.034817
4 0.257711 0.439572 0.008144 0.033619
4 0.517947 0.803337 0.010929 0.050127