2 0.386254 0.286732 0.012495 0.045706
1 0.691581 0.669782 0.020109 0.061966
2 0.987355 0.693019 0.017763 0.060775
1 0.988193 0.514270 0.016087 0.059583
2 0.967749 0.408212 0.015417 0.050050
1 0.900824 0.449082 0.012345 0.047378
2 0.822734 0.501860 0.012149 0.053301
1 0.808037 0.485313 0.012149 0.053649
1 0.801179 0.393865 0.012541 0.049120
2 0.811565 0.356416 0.009798 0.041804
1 0.709079 0.324540 0.013325 0.039366
2 0.718974 0.401355 0.012345 0.045288
1 0.686837 0.456049 0.014305 0.051559
2 0.658130 0.442637 0.015285 0.049120
1 0.642453 0.515272 0.015285 0.047378
2 0.667046 0.348752 0.014305 0.044591
1 0.678705 0.272284 0.013325 0.039366
0 0.668123 0.267059 0.004311 0.007316
1 0.724853 0.214803 0.009210 0.031005
4 0.714467 0.186585 0.011170 0.029611
1 0.931080 0.388645 0.008621 0.047151
2 0.884546 0.310415 0.011073 0.037804
4 0.786448 0.416014 0.012737 0.049777