2 0.407816 0.441209 0.010177 0.035471
4 0.701652 0.305113 0.006068 0.028993
2 0.691980 0.345569 0.008217 0.033038
1 0.763536 0.322082 0.009229 0.031016
2 0.785470 0.310620 0.009102 0.031016
1 0.806829 0.351662 0.008748 0.030926
2 0.802405 0.381247 0.009150 0.031105
4 0.840967 0.382767 0.008044 0.042367
2 0.890842 0.341919 0.007642 0.036468
1 0.854995 0.324221 0.006938 0.033250
2 0.915858 0.320706 0.008077 0.033434
1 0.910795 0.337530 0.010729 0.034506
2 0.903140 0.349318 0.011091 0.036649
1 0.947082 0.349103 0.008801 0.032791
0 0.949334 0.400705 0.005127 0.010634
1 0.985590 0.454093 0.009278 0.037545
2 0.717811 0.357500 0.010091 0.035472
1 0.718442 0.385226 0.010894 0.030987
2 0.669400 0.386477 0.008428 0.035073
1 0.664755 0.390138 0.008332 0.034903
2 0.644308 0.423423 0.010343 0.037457
1 0.662456 0.489143 0.009864 0.039840
2 0.691571 0.509148 0.009864 0.035243