1 0.231648 0.516939 0.010718 0.028314
0 0.231347 0.527089 0.003506 0.007301
1 0.358911 0.533678 0.014024 0.037574
2 0.396975 0.537329 0.012020 0.038108
1 0.407543 0.489515 0.007513 0.036506
2 0.440848 0.453544 0.007212 0.034725
1 0.492535 0.453722 0.011419 0.034013
4 0.468745 0.530117 0.013723 0.035437
1 0.479313 0.583807 0.013422 0.039177
2 0.542018 0.582026 0.010417 0.038821
1 0.564856 0.528603 0.012821 0.034903
2 0.625009 0.525260 0.011543 0.038040
1 0.689624 0.430911 0.009573 0.032534
2 0.694832 0.467699 0.009291 0.034536
1 0.747411 0.432412 0.006335 0.033535
2 0.768105 0.423278 0.011403 0.032284
1 0.792106 0.471453 0.009291 0.035037
2 0.750719 0.503237 0.007320 0.039041
1 0.767471 0.568430 0.009009 0.040793
2 0.466499 0.388741 0.008165 0.030282
1 0.527946 0.439169 0.009995 0.033035
2 0.554059 0.414143 0.012670 0.031533
1 0.537589 0.385613 0.009009 0.029031
4 0.451341 0.295027 0.004985 0.024095
4 0.912765 0.736983 0.009655 0.046526