4 0.674040 0.659600 0.017126 0.050902
2 0.653247 0.332391 0.010515 0.039012
1 0.491105 0.344312 0.013258 0.042263
2 0.481047 0.359754 0.012039 0.043888
1 0.512211 0.403236 0.012801 0.043617
2 0.446988 0.295276 0.014020 0.038470
1 0.473808 0.318304 0.010362 0.043346
2 0.416129 0.296631 0.016306 0.036844
0 0.393956 0.278750 0.003353 0.006502
2 0.334905 0.207364 0.016306 0.029530
1 0.328276 0.282543 0.013715 0.036303
1 0.367212 0.320336 0.008077 0.040908
1 0.365307 0.334423 0.012191 0.041992
1 0.386261 0.377363 0.012648 0.044430
1 0.350373 0.386033 0.015239 0.043888
1 0.252082 0.397953 0.013106 0.046056
1 0.278521 0.381969 0.012344 0.044972
4 0.258634 0.301372 0.010972 0.041992
1 0.163315 0.389148 0.012344 0.049036
1 0.073100 0.327380 0.010515 0.047952
1 0.247247 0.524212 0.010345 0.055175
1 0.451897 0.454684 0.012946 0.048511
1 0.572798 0.543915 0.012946 0.050635