2 0.417507 0.427943 0.006541 0.036897
1 0.629202 0.437000 0.013207 0.038238
2 0.665648 0.443317 0.010503 0.039021
1 0.633510 0.482617 0.013144 0.042934
2 0.654233 0.474903 0.012830 0.039580
1 0.666937 0.401836 0.011949 0.033431
2 0.743697 0.464728 0.012767 0.041145
1 0.761558 0.407762 0.010503 0.035667
2 0.790583 0.376456 0.010817 0.029853
4 0.643065 0.341210 0.005981 0.022685
2 0.844615 0.404632 0.010752 0.032684
2 0.951008 0.477611 0.015531 0.037050
1 0.920643 0.461269 0.021040 0.041179
0 0.924127 0.521858 0.006770 0.008259
1 0.917590 0.504218 0.018916 0.042595
2 0.970786 0.468466 0.017256 0.034100
1 0.981737 0.474484 0.020442 0.038348
4 0.917922 0.423157 0.011482 0.035516