2 0.250407 0.442807 0.011293 0.033842
4 0.508830 0.318713 0.005795 0.022840
2 0.537841 0.396170 0.005307 0.027308
1 0.541611 0.399273 0.008937 0.030536
2 0.532500 0.461586 0.006633 0.036742
1 0.611607 0.460831 0.005642 0.034876
2 0.657395 0.418625 0.007465 0.028857
1 0.662473 0.375030 0.006684 0.026234
2 0.711908 0.374104 0.007118 0.029012
1 0.720806 0.404273 0.005989 0.029783
2 0.753096 0.345633 0.005816 0.024536
0 0.761603 0.463763 0.003559 0.007099
2 0.760345 0.447791 0.009028 0.034104
1 0.777662 0.506663 0.010156 0.035493
4 0.737385 0.522558 0.009462 0.037962
1 0.744590 0.555041 0.008941 0.039351
2 0.828875 0.428890 0.009023 0.031744
1 0.868089 0.482451 0.009590 0.032753
2 0.894652 0.454464 0.009338 0.033090
1 0.908817 0.435003 0.008896 0.033875
2 0.842534 0.560816 0.010314 0.039584
1 0.956706 0.521519 0.012695 0.037730
2 0.957333 0.672033 0.012916 0.048658
1 0.591275 0.544188 0.008773 0.037790