2 0.615133 0.418132 0.010757 0.039266
1 0.409049 0.602986 0.021467 0.054156
2 0.366500 0.536302 0.014666 0.053303
1 0.350783 0.440713 0.008512 0.039560
2 0.314851 0.407531 0.010336 0.039343
1 0.304211 0.410665 0.009485 0.039560
2 0.229445 0.448273 0.009825 0.043462
1 0.238184 0.542320 0.012992 0.056751
2 0.174803 0.487878 0.010950 0.048832
1 0.054907 0.495302 0.020601 0.049822
2 0.056485 0.414795 0.015219 0.048502
1 0.029481 0.361673 0.012435 0.037944
2 0.016676 0.702314 0.015225 0.068706
1 0.369725 0.468949 0.012044 0.044270
2 0.365737 0.462583 0.008952 0.044849
1 0.409370 0.656010 0.012263 0.062286
4 0.157288 0.486025 0.012966 0.051181
4 0.508142 0.712040 0.015384 0.064855