4 0.793488 0.495835 0.011623 0.036162
4 0.624334 0.303619 0.005973 0.025440
1 0.725914 0.343677 0.007133 0.026223
2 0.694720 0.375703 0.007133 0.030092
1 0.662439 0.411491 0.008584 0.035465
2 0.661766 0.515547 0.009429 0.038355
2 0.644107 0.470374 0.007671 0.033809
1 0.715495 0.602058 0.011322 0.040256
2 0.704655 0.575935 0.009395 0.037686
1 0.755542 0.472379 0.010220 0.035256
2 0.761017 0.470108 0.006570 0.033742
1 0.785411 0.411383 0.007665 0.029200
2 0.908016 0.490994 0.010807 0.035123
1 0.885896 0.518312 0.009456 0.038125
2 0.862593 0.569646 0.009456 0.036924
1 0.890624 0.440412 0.010469 0.033021
2 0.841992 0.426302 0.010132 0.031220
1 0.845763 0.349566 0.007967 0.028326
2 0.391137 0.451569 0.009170 0.037959
2 0.645024 0.479031 0.007268 0.034077