0 0.631453 0.326263 0.004237 0.007841
4 0.636391 0.285369 0.006318 0.022368
2 0.367123 0.374936 0.006848 0.034260
1 0.486441 0.405893 0.006371 0.039923
2 0.530160 0.364083 0.006318 0.031240
1 0.534407 0.379703 0.010352 0.033977
2 0.527081 0.381496 0.008335 0.036431
1 0.583143 0.403062 0.009184 0.039168
2 0.546803 0.448317 0.010618 0.037941
1 0.548874 0.482813 0.010830 0.046152
2 0.523975 0.488618 0.011043 0.045303
1 0.601352 0.433405 0.010459 0.044548
4 0.644607 0.436895 0.010429 0.041715
1 0.646986 0.512735 0.011015 0.048088
2 0.741692 0.463140 0.017142 0.045307
1 0.759551 0.446802 0.011015 0.043221
2 0.707245 0.358448 0.010950 0.036616
1 0.740486 0.305551 0.010429 0.026304
2 0.672406 0.370383 0.011667 0.030823
1 0.976729 0.523221 0.014144 0.059560
2 0.939479 0.561228 0.013036 0.056779
1 0.781614 0.558911 0.012254 0.058864
2 0.728037 0.557752 0.015122 0.056083