1 0.052303 0.555215 0.010104 0.051849
2 0.034215 0.499108 0.008323 0.035978
1 0.054942 0.490114 0.007344 0.031335
1 0.098013 0.501515 0.006594 0.036842
2 0.089112 0.490743 0.009830 0.029127
1 0.082956 0.492392 0.009164 0.025315
2 0.106360 0.499285 0.012548 0.035090
4 0.128495 0.507807 0.010292 0.039101
2 0.146597 0.489446 0.008847 0.031457
1 0.202245 0.507252 0.010452 0.040443
2 0.223662 0.500876 0.007378 0.038621
1 0.262397 0.526381 0.009837 0.039350
2 0.294061 0.530935 0.010042 0.042629
1 0.298262 0.516908 0.006558 0.040078
2 0.521654 0.510714 0.005329 0.034249
4 0.546452 0.636961 0.016806 0.064490
1 0.071012 0.491102 0.013603 0.031149