2 0.555875 0.654187 0.014451 0.060141
1 0.658677 0.657398 0.016422 0.060725
2 0.824540 0.601344 0.015765 0.059557
1 0.763614 0.532445 0.014123 0.053718
2 0.656871 0.417417 0.012809 0.038537
1 0.560874 0.488280 0.013351 0.045519
0 0.671156 0.423253 0.004572 0.007153
4 0.703527 0.319047 0.007133 0.025035
2 0.417490 0.443086 0.010059 0.036415
2 0.774827 0.798698 0.017958 0.075418
1 0.855899 0.712869 0.019259 0.073105
2 0.983297 0.503502 0.015356 0.060612
4 0.934758 0.509285 0.015095 0.055523
2 0.908732 0.434098 0.010411 0.048582
2 0.896109 0.386904 0.010150 0.040254
2 0.819332 0.342254 0.008068 0.028687
2 0.771642 0.509251 0.011302 0.052134