2 0.538432 0.514467 0.007347 0.037117
1 0.252073 0.665135 0.014584 0.048568
2 0.246021 0.592424 0.008824 0.041604
1 0.245426 0.556877 0.008211 0.043753
2 0.239759 0.519432 0.009086 0.036880
1 0.222813 0.495463 0.008710 0.036425
2 0.213499 0.473136 0.008479 0.035934
1 0.209299 0.436426 0.006929 0.031329
2 0.160380 0.436442 0.008919 0.031606
1 0.145964 0.463402 0.008918 0.029541
4 0.080918 0.510879 0.008394 0.037717
1 0.129433 0.511315 0.009532 0.036265
2 0.128032 0.561092 0.009565 0.041719
1 0.034988 0.655524 0.010153 0.045978
4 0.277542 0.833351 0.012372 0.052768