4 0.863430 0.640382 0.016065 0.051779
4 0.376202 0.220379 0.009201 0.035754
2 0.025732 0.231728 0.010805 0.044291
1 0.020329 0.352851 0.014999 0.052879
2 0.175664 0.278334 0.011339 0.045414
1 0.218348 0.268487 0.009384 0.045646
2 0.220949 0.159432 0.012760 0.038125
1 0.329301 0.237302 0.009007 0.042509
2 0.345546 0.245308 0.009972 0.041365
1 0.345278 0.196890 0.011580 0.033740
2 0.422427 0.259891 0.012974 0.035456
1 0.404949 0.336522 0.011902 0.048037
2 0.470357 0.405337 0.010615 0.042319
1 0.483561 0.280576 0.013850 0.039364
2 0.484091 0.243800 0.010850 0.039834
0 0.465068 0.251960 0.003700 0.005772
2 0.511049 0.218894 0.010912 0.031198
1 0.514489 0.216370 0.012663 0.031470
2 0.544909 0.261989 0.017838 0.036951
1 0.545462 0.252447 0.009577 0.036016
2 0.577666 0.297864 0.012313 0.038916
1 0.609633 0.348100 0.011524 0.040226
2 0.599924 0.362880 0.010103 0.041535
1 0.680145 0.320741 0.009883 0.037076