4 0.695128 0.320932 0.007744 0.028912
4 0.906259 0.531831 0.013657 0.058763
0 0.830446 0.813133 0.013211 0.022815
2 0.408615 0.446420 0.012465 0.036371
1 0.533128 0.523738 0.014633 0.046969
2 0.488823 0.703424 0.017071 0.062384
1 0.684362 0.427852 0.011856 0.043342
2 0.835483 0.358239 0.010019 0.036514
1 0.856397 0.415830 0.012273 0.040373
2 0.713902 0.590535 0.010781 0.056452
1 0.759596 0.624376 0.014572 0.064837
2 0.808027 0.645115 0.024005 0.060495
1 0.924642 0.773741 0.031838 0.064687
2 0.988011 0.741622 0.023979 0.078314
1 0.992727 0.725974 0.014545 0.071276
2 0.986089 0.533057 0.022152 0.058629
1 0.798257 0.850324 0.033595 0.082835