1 0.996616 0.527990 0.006769 0.049583
2 0.964157 0.461128 0.007437 0.043874
1 0.859441 0.453766 0.006592 0.041770
2 0.863495 0.400507 0.010152 0.037719
4 0.869161 0.533249 0.007437 0.045076
2 0.865442 0.612282 0.011494 0.049283
1 0.602028 0.549233 0.010430 0.043264
2 0.612526 0.506991 0.013073 0.027870
1 0.650561 0.541940 0.008483 0.043017
2 0.630536 0.463322 0.006536 0.039556
1 0.644998 0.441195 0.009874 0.037331
2 0.649922 0.419929 0.006292 0.034577
4 0.687582 0.304925 0.007090 0.027148
2 0.744309 0.396945 0.006979 0.034984
1 0.726346 0.448709 0.008352 0.035594
1 0.334688 0.456208 0.008883 0.034966
1 0.730162 0.485883 0.006884 0.040136
2 0.878137 0.354852 0.007947 0.023608