1 0.669849 0.419398 0.007889 0.036338
2 0.255039 0.562679 0.008427 0.043032
1 0.136342 0.591048 0.009861 0.041119
2 0.205731 0.530485 0.010937 0.041757
1 0.164313 0.526022 0.008068 0.040482
2 0.056195 0.492553 0.013089 0.037932
1 0.021501 0.518691 0.015778 0.039207
2 0.017287 0.601089 0.010579 0.043988
1 0.003220 0.451752 0.006439 0.033469
2 0.062560 0.369832 0.009324 0.035382
1 0.119936 0.394057 0.008248 0.034107
2 0.119578 0.437249 0.010041 0.035701
1 0.199097 0.392304 0.010579 0.032513
2 0.205731 0.351982 0.009144 0.030282
1 0.248494 0.431192 0.010399 0.037613
2 0.291078 0.485221 0.010937 0.039844
1 0.311698 0.456533 0.008427 0.041757
2 0.303450 0.425295 0.009144 0.036657
1 0.312325 0.411111 0.008606 0.033151
2 0.313132 0.383379 0.008786 0.032513
4 0.257908 0.378438 0.008427 0.032832
4 0.244460 0.717754 0.018468 0.043351
4 0.006046 0.271811 0.011289 0.026090