4 0.853923 0.783267 0.017686 0.057686
1 0.786496 0.468670 0.010957 0.045128
2 0.546258 0.528388 0.012250 0.040409
1 0.521486 0.448658 0.010889 0.031456
2 0.542039 0.436197 0.010072 0.033150
1 0.538704 0.403893 0.010208 0.031940
2 0.553268 0.409217 0.008303 0.032424
1 0.558033 0.356085 0.007922 0.032862
4 0.508721 0.310512 0.006857 0.027204
1 0.505704 0.411686 0.010191 0.035133
2 0.485232 0.413183 0.008773 0.034975
1 0.464008 0.385612 0.008685 0.030879
4 0.485897 0.460998 0.011343 0.037023
1 0.429712 0.473759 0.010989 0.034818
0 0.399537 0.475492 0.003633 0.007405
1 0.443404 0.428701 0.011432 0.035763
2 0.433257 0.422951 0.009925 0.034660
1 0.423287 0.445007 0.009128 0.034345
2 0.427718 0.444929 0.007533 0.035763
1 0.394043 0.459817 0.008596 0.035290
2 0.370558 0.462574 0.006292 0.034188
1 0.376806 0.465803 0.006558 0.031194
2 0.382832 0.472893 0.011698 0.031824
1 0.374325 0.497313 0.011343 0.037496
2 0.323202 0.458282 0.010929 0.032450