2 0.438689 0.434467 0.007471 0.037750
4 0.628343 0.304167 0.007133 0.026253
2 0.693857 0.344102 0.009261 0.031815
1 0.643548 0.403060 0.009511 0.034040
2 0.736657 0.395162 0.011263 0.032928
1 0.753677 0.412850 0.009011 0.030925
2 0.655061 0.523424 0.011764 0.039380
1 0.772011 0.423084 0.011388 0.033595
2 0.809931 0.322744 0.011639 0.024696
1 0.803486 0.364905 0.008260 0.029368
2 0.812559 0.372247 0.009887 0.028923
1 0.822946 0.347106 0.009386 0.028478
2 0.838151 0.355338 0.008260 0.024028
1 0.841280 0.370022 0.008510 0.031148
2 0.895093 0.368464 0.012014 0.028033
4 0.866434 0.401948 0.009261 0.033150
2 0.900036 0.430203 0.012640 0.033150
1 0.865120 0.489050 0.007884 0.033372
2 0.864432 0.533324 0.009761 0.039157
1 0.972997 0.467692 0.012139 0.035152
2 0.979066 0.451006 0.010262 0.035597
1 0.977171 0.668697 0.012544 0.043328