2 0.209324 0.493323 0.010048 0.036605
1 0.339107 0.439272 0.008266 0.031357
2 0.404877 0.595217 0.012376 0.039003
1 0.501212 0.576778 0.011673 0.035378
2 0.534719 0.545401 0.010477 0.035628
1 0.632776 0.572715 0.010407 0.036003
2 0.641425 0.504585 0.008860 0.035753
1 0.491438 0.515398 0.008860 0.033627
2 0.139374 0.474076 0.007857 0.036906
1 0.115948 0.485597 0.008029 0.037110
4 0.872377 0.755910 0.009207 0.046149
2 0.692134 0.521797 0.012105 0.037470
1 0.607990 0.579253 0.010075 0.038225
2 0.589872 0.532574 0.010071 0.039368
1 0.591813 0.515047 0.009465 0.033868
2 0.587232 0.491103 0.008919 0.033652
1 0.494347 0.496116 0.007987 0.033088
2 0.347874 0.483097 0.009651 0.035622
1 0.300906 0.502133 0.011122 0.038073
2 0.258005 0.476061 0.009817 0.035113
1 0.167781 0.462348 0.011220 0.034282
2 0.141661 0.535067 0.009700 0.042177
4 0.111367 0.378542 0.006971 0.028383
4 0.302558 0.498231 0.012505 0.034694