1 0.408316 0.400384 0.012825 0.043640
2 0.656580 0.416314 0.010423 0.042548
1 0.668836 0.389464 0.009265 0.044778
2 0.678342 0.405162 0.009747 0.043577
1 0.711588 0.340568 0.007527 0.037230
1 0.753423 0.340997 0.010712 0.038087
4 0.744448 0.276489 0.007817 0.031568
1 0.597710 0.511314 0.008372 0.054002
2 0.607799 0.523813 0.010734 0.056101
2 0.590626 0.597755 0.011163 0.056673
2 0.675269 0.683680 0.011966 0.059036
2 0.754782 0.509355 0.011266 0.055656
4 0.801254 0.445521 0.011073 0.049288
2 0.835335 0.403524 0.009187 0.043163
2 0.873241 0.339131 0.008131 0.042075
1 0.834214 0.284256 0.006911 0.032316
2 0.822939 0.558159 0.013660 0.055895
1 0.852967 0.481644 0.011069 0.046475