2 0.343152 0.295846 0.013923 0.044174
1 0.608323 0.341705 0.009781 0.045343
2 0.658947 0.432652 0.012727 0.045824
1 0.757175 0.570179 0.011694 0.054910
2 0.781452 0.414713 0.009406 0.047679
1 0.819203 0.437310 0.016015 0.043612
4 0.850535 0.483069 0.015126 0.050617
1 0.765437 0.348505 0.011948 0.040448
2 0.849772 0.317548 0.009279 0.041352
1 0.829626 0.259587 0.010677 0.038414
2 0.704426 0.281958 0.010423 0.038866
4 0.680839 0.182470 0.007062 0.031157
2 0.926231 0.295540 0.011470 0.025720
1 0.931933 0.351614 0.011535 0.040318
2 0.960682 0.384318 0.010918 0.041641
1 0.919434 0.403148 0.015771 0.046453
2 0.991754 0.577525 0.013911 0.048017
0 0.996541 0.467761 0.005239 0.006745