4 0.359169 0.823173 0.020515 0.050123
0 0.164169 0.380852 0.003841 0.007511
4 0.189578 0.535340 0.010010 0.036093
2 0.002518 0.459408 0.004935 0.031900
1 0.080649 0.452364 0.012860 0.031635
2 0.081376 0.525894 0.011798 0.038334
1 0.155116 0.515588 0.011188 0.039419
2 0.111177 0.641076 0.014850 0.046651
1 0.045625 0.707475 0.013370 0.054366
2 0.084812 0.706084 0.014935 0.049562
1 0.253384 0.780953 0.016119 0.054901
2 0.324770 0.693472 0.014320 0.051711
1 0.318767 0.596913 0.013891 0.046415
2 0.313327 0.583970 0.012050 0.042547
1 0.279230 0.516114 0.009831 0.035469
2 0.239695 0.443147 0.013073 0.028405
1 0.262511 0.431420 0.009320 0.029481
2 0.601147 0.497151 0.007790 0.040267