2 0.394600 0.489285 0.006578 0.037615
4 0.646709 0.303374 0.005678 0.025568
2 0.707898 0.383568 0.006952 0.028021
1 0.700999 0.461969 0.009712 0.036323
2 0.703015 0.537587 0.007164 0.038870
1 0.706869 0.579981 0.011207 0.040657
2 0.702731 0.604248 0.012966 0.043089
1 0.848474 0.673667 0.015844 0.043962
2 0.874041 0.684933 0.010687 0.044183
4 0.838036 0.527865 0.008636 0.041532
2 0.837414 0.500030 0.008761 0.037776
1 0.948930 0.363954 0.008391 0.028626
2 0.922568 0.579813 0.008861 0.040883
1 0.792796 0.515979 0.008550 0.035769
2 0.763026 0.349790 0.007174 0.027260