2 0.007908 0.694388 0.012777 0.049016
1 0.033126 0.617127 0.012777 0.045131
2 0.074232 0.591423 0.011937 0.046326
2 0.150734 0.537659 0.008912 0.042318
1 0.147627 0.524109 0.010436 0.044819
4 0.049065 0.519245 0.014485 0.044414
2 0.045596 0.458484 0.011149 0.037256
1 0.030684 0.378669 0.011682 0.034612
4 0.051948 0.274629 0.009162 0.029862
1 0.132765 0.291663 0.011071 0.029726
1 0.202827 0.442194 0.010915 0.037972
4 0.373385 0.710936 0.013721 0.049733
1 0.576589 0.439972 0.011795 0.040852
1 0.384959 0.543919 0.009045 0.042180
1 0.289655 0.308422 0.007720 0.030651
2 0.386181 0.382838 0.009919 0.033607
1 0.112071 0.727746 0.012674 0.033926