1 0.126816 0.419257 0.008468 0.032481
2 0.120796 0.414965 0.009031 0.031600
1 0.148964 0.422356 0.007024 0.030581
2 0.164980 0.555509 0.008965 0.039751
1 0.200280 0.484839 0.008421 0.037511
2 0.315957 0.556954 0.010816 0.040411
1 0.286390 0.456025 0.006918 0.035140
2 0.189588 0.396540 0.009125 0.029472
0 0.186904 0.408396 0.003742 0.006126
2 0.016768 0.415262 0.009408 0.031276
1 0.036221 0.421640 0.010896 0.031748
2 0.050041 0.450460 0.009089 0.034394
4 0.015254 0.498791 0.009673 0.040725
2 0.012384 0.544807 0.009142 0.038268
1 0.512924 0.503684 0.009855 0.038551
4 0.344088 0.821698 0.012644 0.052821
2 0.002082 0.544869 0.004722 0.038927