1 0.396054 0.374117 0.009294 0.038673
4 0.693390 0.209274 0.006330 0.024649
1 0.755632 0.285631 0.009042 0.032150
2 0.700926 0.349798 0.008138 0.034562
1 0.705065 0.355598 0.008888 0.038992
2 0.709222 0.387708 0.011181 0.038992
1 0.775745 0.481170 0.011486 0.047545
2 0.836176 0.372974 0.013715 0.035964
1 0.846119 0.269198 0.010286 0.034440
2 0.883773 0.315094 0.009002 0.036372
0 0.880909 0.415584 0.004910 0.009145
2 0.886462 0.402282 0.011808 0.042815
1 0.911130 0.416623 0.011340 0.043231
2 0.940065 0.409556 0.016601 0.042815
1 0.936382 0.343983 0.011808 0.040113
4 0.983614 0.370067 0.018589 0.040321
1 0.982094 0.361961 0.008534 0.041568
2 0.987337 0.273526 0.013289 0.034167
1 0.952139 0.257322 0.009225 0.035729