4 0.681174 0.411936 0.009179 0.036836
0 0.897661 0.361420 0.003564 0.005103
1 0.388376 0.427682 0.007252 0.034380
2 0.656321 0.716531 0.017249 0.064313
1 0.505236 0.511615 0.011662 0.043841
2 0.531112 0.525977 0.012877 0.044921
1 0.558949 0.462417 0.010528 0.037434
2 0.588799 0.416756 0.011917 0.034966
1 0.591460 0.432182 0.012842 0.037846
2 0.630312 0.385227 0.011570 0.031264
1 0.661608 0.399316 0.007752 0.033115
2 0.694697 0.351906 0.007983 0.031264
1 0.689547 0.481603 0.009509 0.043335
2 0.728990 0.391838 0.008036 0.037144
1 0.756019 0.320536 0.008500 0.024626
2 0.756596 0.355236 0.007136 0.032088
1 0.790810 0.340884 0.006156 0.030065
2 0.782413 0.451732 0.011347 0.045753
1 0.796985 0.362789 0.007103 0.030684
2 0.812007 0.364241 0.010157 0.036619
1 0.991597 0.462271 0.013543 0.049141
2 0.904950 0.346651 0.010875 0.034143
1 0.892628 0.409796 0.011685 0.038668
4 0.682139 0.319935 0.006720 0.024481