4 0.689413 0.711382 0.018052 0.054206
1 0.197604 0.854271 0.014085 0.064434
0 0.200957 0.693179 0.006991 0.012202
1 0.189554 0.642040 0.014523 0.052461
2 0.208248 0.614711 0.013905 0.048341
1 0.247723 0.571451 0.012205 0.045320
2 0.272674 0.522149 0.010815 0.040650
1 0.235981 0.490975 0.014368 0.042024
2 0.275919 0.463508 0.008961 0.041474
1 0.355640 0.559778 0.011124 0.043397
2 0.356181 0.656048 0.010660 0.049165
1 0.633766 0.729522 0.014284 0.055093
2 0.625147 0.417391 0.009660 0.039770
1 0.421470 0.616882 0.013213 0.049826
4 0.413344 0.479452 0.010410 0.037725
1 0.399679 0.434916 0.008943 0.034366
2 0.434502 0.449610 0.013369 0.039345
1 0.550221 0.590315 0.011500 0.037446
2 0.508698 0.516561 0.013385 0.035322
1 0.501483 0.515167 0.009202 0.044059
2 0.389720 0.397718 0.009389 0.034380
1 0.366738 0.382646 0.010230 0.033632