1 0.372146 0.381977 0.009694 0.035715
2 0.628637 0.601921 0.008363 0.047651
1 0.661444 0.550459 0.010936 0.043076
2 0.669593 0.447724 0.013509 0.041170
1 0.676123 0.372782 0.009913 0.035842
2 0.652349 0.334251 0.009745 0.034050
1 0.680071 0.308266 0.008400 0.029868
2 0.711405 0.244945 0.006552 0.029271
4 0.669066 0.211492 0.007560 0.023297
2 0.790296 0.264716 0.009671 0.033326
1 0.804982 0.209102 0.006806 0.029081
2 0.758117 0.314387 0.008119 0.034175
1 0.777759 0.328397 0.010388 0.033751
4 0.752744 0.377006 0.011224 0.036723
1 0.834551 0.527596 0.012855 0.045706
2 0.851127 0.475395 0.009743 0.042820
1 0.856134 0.616964 0.016508 0.053164
2 0.905050 0.676743 0.019079 0.050518