1 0.320674 0.305181 0.009920 0.043657
2 0.453543 0.552379 0.012197 0.052331
1 0.458016 0.506987 0.012685 0.050018
2 0.508268 0.568426 0.019190 0.048572
1 0.509000 0.514215 0.017727 0.050018
2 0.488265 0.420251 0.015938 0.049440
1 0.530793 0.381220 0.013498 0.042501
2 0.557302 0.344213 0.012197 0.039610
1 0.565596 0.332503 0.012197 0.040477
4 0.642682 0.452055 0.012197 0.045970
1 0.562750 0.538068 0.010734 0.052042
2 0.549333 0.584761 0.016426 0.048861
1 0.621541 0.550500 0.015125 0.053198
2 0.675534 0.540381 0.016100 0.049151
1 0.682933 0.635791 0.014637 0.054933
2 0.735138 0.540670 0.015938 0.049151
0 0.722222 0.453700 0.005224 0.009514
2 0.749427 0.486547 0.019114 0.044401
1 0.796366 0.487653 0.014549 0.044500
2 0.859100 0.540079 0.016427 0.048672
1 0.888277 0.558713 0.016270 0.056459
2 0.933725 0.506287 0.013924 0.051175
4 0.954918 0.768896 0.014745 0.063315
2 0.824067 0.356723 0.011150 0.038635
4 0.598558 0.175243 0.007996 0.027113