1 0.360722 0.409451 0.012841 0.034881
2 0.380496 0.411003 0.006369 0.032507
1 0.399038 0.468438 0.011197 0.034516
2 0.445265 0.467708 0.010581 0.034516
1 0.491183 0.435475 0.012841 0.033968
4 0.520203 0.457937 0.010478 0.034333
1 0.556516 0.443784 0.009964 0.032324
2 0.537152 0.381236 0.008834 0.029950
1 0.676769 0.554448 0.013121 0.039817
2 0.717773 0.492612 0.010972 0.037605
2 0.461838 0.387497 0.010535 0.034051
1 0.547392 0.401969 0.011173 0.034619
2 0.457848 0.448506 0.012769 0.039159
1 0.432469 0.479720 0.009258 0.034619
2 0.595436 0.467518 0.009577 0.031781
1 0.588733 0.472910 0.010215 0.034619
2 0.603417 0.507529 0.013408 0.036889
1 0.619047 0.444232 0.010727 0.037406
2 0.657828 0.374922 0.010727 0.027871
1 0.642356 0.356586 0.013615 0.032271
2 0.765919 0.406460 0.012377 0.035205
2 0.521375 0.319962 0.008300 0.029511
4 0.890099 0.735042 0.014027 0.046940
4 0.438290 0.295429 0.006813 0.025847