2 0.592561 0.512275 0.006688 0.026568
1 0.420165 0.498405 0.010417 0.026426
2 0.389120 0.484828 0.006847 0.021952
1 0.365418 0.487013 0.010358 0.026322
2 0.347833 0.484100 0.008427 0.025073
1 0.332149 0.478013 0.006906 0.021640
4 0.338177 0.490810 0.006320 0.026634
1 0.332149 0.511202 0.006203 0.029755
2 0.333320 0.464697 0.006671 0.017894
1 0.252148 0.479847 0.005131 0.026062
2 0.232619 0.489620 0.006806 0.029226
1 0.185530 0.523853 0.006593 0.035895
2 0.414694 0.533426 0.008220 0.029779
1 0.425163 0.557484 0.008686 0.034053
4 0.588087 0.689410 0.012396 0.046413
4 0.188984 0.459094 0.005914 0.021294
1 0.322388 0.474097 0.009840 0.025387
2 0.311048 0.461404 0.012600 0.026027
1 0.196957 0.489847 0.007010 0.031157
2 0.193972 0.475172 0.006425 0.028820
1 0.386940 0.476450 0.007369 0.021727
2 0.200312 0.471079 0.007442 0.029897
1 0.388540 0.468772 0.004508 0.017843