2 0.679473 0.456996 0.008472 0.038824
1 0.569150 0.576314 0.013743 0.041167
4 0.610285 0.750522 0.013932 0.052212
1 0.516812 0.721236 0.017509 0.042506
2 0.512105 0.751191 0.017885 0.050873
1 0.465510 0.583175 0.011672 0.045518
2 0.318098 0.430890 0.009413 0.039494
1 0.328076 0.578155 0.012049 0.048196
2 0.298859 0.599635 0.012124 0.045840
1 0.355139 0.702056 0.016449 0.042661
2 0.276086 0.756758 0.020126 0.049541
0 0.198368 0.755066 0.007839 0.010269
2 0.151401 0.660200 0.013478 0.047433
1 0.060218 0.930251 0.022830 0.059414
2 0.029067 0.934041 0.034795 0.056235
4 0.064619 0.601398 0.013478 0.047678
2 0.135654 0.486727 0.013891 0.042299
2 0.097970 0.491250 0.017742 0.039120
2 0.018546 0.395773 0.009352 0.033008