0 0.063393 0.411145 0.003641 0.007767
2 0.029959 0.407693 0.009830 0.032793
1 0.031112 0.423011 0.009223 0.030636
2 0.105140 0.403702 0.007281 0.030420
1 0.079351 0.452892 0.006675 0.033441
2 0.088817 0.458717 0.012257 0.034304
1 0.079230 0.492805 0.010315 0.038187
4 0.129593 0.455157 0.008859 0.035382
1 0.146947 0.403486 0.010315 0.030420
2 0.178015 0.407370 0.007646 0.029126
1 0.189301 0.438329 0.011286 0.035814
2 0.197796 0.497983 0.009345 0.039482
1 0.131778 0.586115 0.012985 0.040560
2 0.165454 0.619556 0.014806 0.041855
4 0.368424 0.828396 0.013627 0.052450
2 0.296747 0.603642 0.010014 0.043731
1 0.299359 0.496346 0.007837 0.038120
2 0.285209 0.479705 0.011537 0.036572
1 0.288638 0.457066 0.008381 0.033476
2 0.627118 0.502544 0.009755 0.036489