1 0.403095 0.443216 0.010719 0.039596
4 0.697731 0.300889 0.009445 0.027793
1 0.779129 0.305649 0.009681 0.027751
2 0.845803 0.332217 0.009923 0.031838
0 0.780036 0.364808 0.003993 0.005808
2 0.787962 0.352869 0.014521 0.030117
1 0.834308 0.375457 0.011617 0.034850
2 0.704305 0.357474 0.009492 0.034058
1 0.776495 0.413050 0.013149 0.034368
4 0.786248 0.429925 0.016110 0.038083
1 0.928830 0.368433 0.010488 0.036638
2 0.971796 0.463953 0.017665 0.042526
1 0.776026 0.539428 0.016249 0.044693
2 0.693633 0.640531 0.018242 0.045238
1 0.648566 0.405487 0.015482 0.035700
2 0.672479 0.433419 0.016709 0.038697
1 0.679070 0.480973 0.013336 0.038425
2 0.628638 0.449362 0.013336 0.041150
1 0.645449 0.504682 0.013132 0.041150