2 0.487186 0.453958 0.009186 0.038493
1 0.781698 0.563265 0.014497 0.051544
2 0.796987 0.545547 0.016535 0.048322
1 0.760859 0.495815 0.011326 0.045503
2 0.767881 0.451721 0.010872 0.044295
1 0.801857 0.473466 0.013591 0.040268
2 0.863242 0.470245 0.010872 0.043490
4 0.896086 0.510513 0.011326 0.049128
2 0.895633 0.674406 0.016762 0.057987
1 0.957243 0.740446 0.017215 0.059597
2 0.888084 0.391331 0.009245 0.038351
1 0.993994 0.318829 0.009862 0.033603
2 0.803233 0.392792 0.010478 0.035429
4 0.803466 0.294986 0.008671 0.029116