4 0.029406 0.347937 0.006099 0.028189
1 0.020014 0.396943 0.012685 0.036863
2 0.074170 0.446382 0.010734 0.037730
1 0.121739 0.421446 0.008782 0.039031
2 0.126012 0.331227 0.006767 0.022298
4 0.458266 0.679741 0.018165 0.060374
2 0.239645 0.525518 0.009675 0.046519
1 0.267791 0.452222 0.008356 0.039092
2 0.213750 0.363420 0.007180 0.030139
1 0.215844 0.338600 0.006183 0.026593
2 0.247158 0.361824 0.007778 0.029075
1 0.277773 0.321403 0.005585 0.024820
4 0.282659 0.379021 0.007778 0.031557
1 0.290936 0.386644 0.011169 0.034748
2 0.329554 0.327968 0.005710 0.026646
1 0.346327 0.391728 0.009279 0.033625
2 0.364349 0.422815 0.009279 0.036797
1 0.388259 0.439628 0.007494 0.039335
2 0.376750 0.393790 0.010884 0.036480
1 0.384423 0.372854 0.006959 0.032673
2 0.375055 0.341767 0.004996 0.028232
1 0.624537 0.368690 0.005959 0.034923