4 0.844432 0.653639 0.011854 0.041858
4 0.441693 0.470806 0.004832 0.022052
2 0.242417 0.546578 0.007746 0.035235
1 0.236514 0.504552 0.007052 0.031531
2 0.244741 0.505692 0.007052 0.026783
1 0.334420 0.468502 0.006873 0.026658
2 0.368870 0.483201 0.009293 0.027535
1 0.357609 0.506261 0.006905 0.028453
2 0.363772 0.514292 0.006841 0.030288
1 0.436648 0.460286 0.006591 0.021156
2 0.488617 0.466843 0.006668 0.022681
1 0.482527 0.481621 0.006935 0.022839
2 0.488468 0.518844 0.006675 0.029199
1 0.506374 0.555409 0.008512 0.030333
2 0.640619 0.512990 0.007019 0.026700
1 0.592638 0.533182 0.006755 0.030322
2 0.580167 0.515505 0.006943 0.029450
1 0.561356 0.539757 0.006377 0.032469
2 0.544846 0.516243 0.006868 0.028645
1 0.553224 0.499875 0.006792 0.030524
0 0.526017 0.466699 0.002541 0.004882
1 0.529588 0.461024 0.005765 0.021151
2 0.528170 0.478961 0.006673 0.020925
4 0.212870 0.459654 0.004376 0.021880