4 0.835026 0.812881 0.022931 0.082399
2 0.783952 0.786462 0.016038 0.072574
1 0.792608 0.710972 0.016220 0.069334
2 0.741339 0.700756 0.018091 0.071844
1 0.700281 0.705246 0.017269 0.071635
2 0.691529 0.732397 0.013392 0.071217
1 0.606535 0.727802 0.017504 0.061192
2 0.538809 0.704098 0.012687 0.061401
1 0.602129 0.611265 0.013157 0.059104
2 0.663628 0.591842 0.011395 0.052838
1 0.725069 0.542345 0.013040 0.049079
0 0.731706 0.565632 0.005639 0.008772
4 0.757277 0.526648 0.011324 0.051472
2 0.918679 0.603960 0.017979 0.065793
1 0.860189 0.514818 0.013076 0.051472
2 0.809579 0.481714 0.010857 0.041302
1 0.700888 0.461167 0.009223 0.040057
2 0.625762 0.450374 0.009340 0.038397
1 0.609393 0.518502 0.010949 0.045761
2 0.574000 0.522088 0.009893 0.046786
1 0.540575 0.548127 0.011238 0.046615
2 0.386287 0.463811 0.011311 0.037042
1 0.935855 0.777691 0.020588 0.083497
4 0.712534 0.362991 0.009348 0.030779