1 0.711597 0.534962 0.010836 0.035161
2 0.693186 0.677196 0.008732 0.044326
1 0.682561 0.662515 0.011678 0.044887
4 0.737424 0.773235 0.008627 0.046757
1 0.629380 0.738261 0.010310 0.046383
2 0.591455 0.771645 0.013150 0.047692
1 0.594453 0.762294 0.016201 0.046944
2 0.473348 0.798779 0.018761 0.051832
4 0.463207 0.621199 0.007099 0.041015
2 0.438615 0.617481 0.007352 0.040789
1 0.579123 0.635191 0.012630 0.045804
2 0.614739 0.596722 0.013135 0.041313
1 0.570788 0.528316 0.009767 0.036224
2 0.481198 0.497828 0.009425 0.032299
1 0.373154 0.640348 0.008403 0.043604
2 0.333354 0.701413 0.009425 0.049054
1 0.287252 0.707772 0.009652 0.054101
2 0.351182 0.530860 0.009352 0.034742
1 0.268537 0.579899 0.012906 0.040249
2 0.127939 0.643480 0.007765 0.044527
1 0.121486 0.591857 0.009734 0.044332
2 0.160587 0.509512 0.009187 0.035582
1 0.239827 0.501832 0.011265 0.034999
4 0.143286 0.380038 0.006729 0.026572