2 0.326574 0.449615 0.009692 0.037071
0 0.294855 0.483553 0.004993 0.007832
2 0.307190 0.525584 0.012041 0.039681
1 0.300435 0.531327 0.013804 0.037593
4 0.605876 0.324306 0.007342 0.025584
1 0.592513 0.385394 0.008223 0.031849
2 0.639798 0.385916 0.012335 0.033938
1 0.630253 0.438912 0.016153 0.039681
2 0.635539 0.487208 0.018503 0.045425
1 0.561822 0.451443 0.016153 0.040725
2 0.540530 0.436040 0.012923 0.036026
1 0.495741 0.513836 0.014978 0.044380
2 0.528341 0.566570 0.015566 0.048557
4 0.544495 0.495040 0.016741 0.041248
2 0.669021 0.605469 0.014978 0.056389
1 0.710138 0.412023 0.013804 0.039159
2 0.727465 0.360071 0.009104 0.031327
1 0.780918 0.395315 0.012041 0.038115
2 0.838335 0.369209 0.011748 0.034982
1 0.856544 0.466845 0.014685 0.047513
2 0.857865 0.601292 0.026726 0.064743
1 0.994139 0.479898 0.011454 0.050646
2 0.972846 0.380173 0.015272 0.042292