1 0.545593 0.388859 0.004825 0.035824
2 0.303282 0.336446 0.006102 0.031409
1 0.189328 0.316390 0.008515 0.031157
2 0.170137 0.283509 0.006191 0.025280
0 0.161954 0.297729 0.003310 0.005775
2 0.161678 0.318161 0.009623 0.028985
1 0.131522 0.324535 0.009623 0.030184
2 0.106974 0.323173 0.007600 0.028549
1 0.093826 0.307591 0.007662 0.029639
2 0.081047 0.295114 0.005762 0.028440
1 0.055119 0.276426 0.007110 0.025280
4 0.199378 0.717988 0.012195 0.047053
2 0.205565 0.426356 0.007769 0.038060
1 0.169749 0.404917 0.007136 0.035009
2 0.016139 0.552901 0.012466 0.049944
4 0.035543 0.415449 0.009125 0.034607
2 0.026223 0.398995 0.007343 0.032135
1 0.041654 0.287668 0.006046 0.027278
2 0.041819 0.305870 0.012872 0.031119
4 0.033262 0.270347 0.009120 0.027024