2 0.436921 0.419072 0.008283 0.036444
1 0.518857 0.519423 0.012711 0.044719
2 0.665555 0.396080 0.011641 0.035805
1 0.634144 0.362902 0.009054 0.028578
2 0.631280 0.347299 0.008130 0.024308
4 0.655746 0.321636 0.006081 0.025133
2 0.727649 0.329878 0.008513 0.028646
1 0.744827 0.331230 0.010337 0.028106
2 0.734718 0.412574 0.008969 0.035673
1 0.734110 0.515944 0.015049 0.047293
2 0.808825 0.480541 0.016722 0.045672
1 0.889468 0.425411 0.013225 0.042969
4 0.864158 0.377442 0.011249 0.037294
1 0.978017 0.459597 0.016418 0.049726
2 0.995697 0.385549 0.008606 0.044321
1 0.939831 0.330404 0.008962 0.032601
2 0.915082 0.316800 0.006343 0.028924
1 0.672499 0.764098 0.020465 0.070514
1 0.747343 0.353369 0.008683 0.031430