4 0.989236 0.781505 0.017001 0.052667
4 0.454279 0.491359 0.008811 0.032725
4 0.371463 0.316674 0.006317 0.020137
2 0.259896 0.444370 0.008326 0.033405
1 0.288587 0.473074 0.007426 0.034805
2 0.325268 0.471874 0.011927 0.034805
1 0.321948 0.457872 0.010689 0.036405
2 0.337419 0.453271 0.008101 0.032405
1 0.346308 0.508679 0.012602 0.035205
2 0.342539 0.426567 0.006413 0.029804
1 0.372749 0.414965 0.007651 0.029004
2 0.298898 0.586454 0.011968 0.041225
1 0.402501 0.591441 0.012966 0.041890
2 0.429587 0.482582 0.011691 0.035383
1 0.424715 0.444601 0.008629 0.030682
2 0.414764 0.402909 0.008212 0.029445
1 0.480249 0.437178 0.010021 0.027713
2 0.505441 0.367154 0.007794 0.026723
1 0.539860 0.504070 0.011508 0.031097
0 0.533301 0.498444 0.002992 0.005933
1 0.557295 0.491386 0.011163 0.031097
2 0.298613 0.679652 0.015929 0.046234
1 0.672884 0.475749 0.009056 0.034625
2 0.641126 0.530112 0.007319 0.039697
1 0.644537 0.523717 0.005458 0.040139