4 0.032453 0.345577 0.008891 0.027429
1 0.013451 0.398343 0.010635 0.036572
2 0.067713 0.394469 0.008107 0.035332
2 0.123806 0.368435 0.008542 0.033163
1 0.161226 0.359031 0.007786 0.025741
2 0.162045 0.330801 0.008742 0.026105
1 0.184003 0.333715 0.007718 0.025862
2 0.196673 0.332622 0.007513 0.023677
1 0.197804 0.429381 0.009903 0.035388
2 0.110902 0.540034 0.013766 0.054578
1 0.058274 0.487262 0.013522 0.042651
2 0.225087 0.564843 0.011237 0.052907
1 0.242090 0.349015 0.010514 0.027973
2 0.245371 0.366765 0.010584 0.031611
1 0.337112 0.439109 0.009218 0.043131
2 0.335852 0.358799 0.008609 0.031227
4 0.394956 0.693955 0.017076 0.063178
2 0.555586 0.375572 0.007527 0.041485
4 0.089458 0.419938 0.014454 0.036380