4 0.218006 0.716507 0.010572 0.046988
1 0.545807 0.389639 0.005196 0.036598
2 0.318937 0.335498 0.008098 0.032466
1 0.211375 0.420310 0.011638 0.034084
2 0.176225 0.403785 0.007173 0.034638
1 0.189480 0.326098 0.008994 0.031052
2 0.164709 0.323652 0.006074 0.029466
1 0.154708 0.283764 0.011892 0.019971
4 0.020533 0.417788 0.009514 0.034696
2 0.032228 0.395863 0.010629 0.029259
1 0.042635 0.303726 0.010842 0.030389
1 0.027515 0.298740 0.014278 0.022673
2 0.017372 0.296356 0.011092 0.023354
1 0.072807 0.323798 0.008924 0.028343
2 0.066170 0.335482 0.013001 0.030381
1 0.100870 0.298284 0.011472 0.026297
0 0.148445 0.292332 0.002931 0.006343
1 0.015613 0.563304 0.016422 0.055827
4 0.020205 0.270348 0.007487 0.025842
1 0.100274 0.290438 0.009192 0.025338