2 0.433751 0.515566 0.006062 0.032833
1 0.773612 0.709386 0.016639 0.057927
2 0.715533 0.658046 0.012646 0.052262
4 0.743535 0.584470 0.010839 0.041168
2 0.704858 0.595711 0.011989 0.039708
1 0.668891 0.580236 0.010675 0.041460
2 0.647951 0.576441 0.014452 0.042627
4 0.714406 0.464606 0.006485 0.021378
2 0.717108 0.479979 0.009458 0.028584
1 0.753319 0.536067 0.008647 0.034109
2 0.698800 0.505200 0.012025 0.028584
1 0.704232 0.536951 0.009571 0.037142
2 0.699096 0.550853 0.008170 0.032162
1 0.687833 0.539545 0.011322 0.034859
2 0.890605 0.501163 0.009678 0.031785
1 0.928496 0.601040 0.011974 0.044325
2 0.904220 0.656300 0.013286 0.049865
1 0.882404 0.659362 0.013286 0.050740
2 0.993373 0.750979 0.013254 0.054516