4 0.060265 0.380105 0.010965 0.025884
1 0.029438 0.452165 0.010425 0.038347
2 0.096035 0.424204 0.009527 0.028440
0 0.085880 0.438104 0.004314 0.005752
2 0.131446 0.466385 0.010246 0.037388
1 0.165598 0.434270 0.013481 0.030677
2 0.019732 0.584620 0.011863 0.044418
1 0.179888 0.515117 0.008628 0.036429
2 0.239026 0.384579 0.005752 0.030358
1 0.237498 0.511122 0.008448 0.036110
2 0.253316 0.475971 0.007729 0.034192
1 0.295018 0.400077 0.008089 0.028760
2 0.305983 0.452484 0.007729 0.033234
4 0.301219 0.483960 0.007549 0.035471
2 0.280908 0.584141 0.008987 0.039625
1 0.336810 0.583342 0.009347 0.043779
2 0.353976 0.453603 0.009167 0.034192
1 0.362604 0.503773 0.012403 0.037388
2 0.386600 0.510324 0.008268 0.037707
1 0.388847 0.543238 0.010605 0.040903
2 0.415270 0.589733 0.014560 0.038666
1 0.429560 0.578069 0.009706 0.040264
2 0.235351 0.776995 0.013418 0.051807
4 0.503390 0.809421 0.014047 0.049571
2 0.600877 0.507524 0.007338 0.036899