0 0.461321 0.751558 0.006799 0.010164
2 0.441917 0.739288 0.023146 0.043677
1 0.397384 0.685705 0.021071 0.046290
2 0.366153 0.662024 0.008579 0.048163
1 0.358627 0.645167 0.012492 0.048699
2 0.336502 0.694669 0.012793 0.047628
1 0.445397 0.608376 0.009934 0.040404
2 0.347790 0.580013 0.010084 0.042009
1 0.421390 0.526766 0.008880 0.036123
2 0.363594 0.506965 0.010385 0.038263
1 0.342748 0.500008 0.013245 0.039869
2 0.354864 0.461879 0.012191 0.035855
1 0.345615 0.468288 0.009670 0.031448
2 0.254053 0.452377 0.008464 0.036114
4 0.391441 0.319829 0.008094 0.019230
2 0.425483 0.435850 0.008492 0.031246
1 0.463399 0.497200 0.009282 0.038092
4 0.446956 0.578302 0.010418 0.041277
1 0.493913 0.544169 0.012353 0.039160
2 0.528368 0.432388 0.008280 0.031512
1 0.570233 0.705298 0.008870 0.049735
2 0.628232 0.568376 0.010917 0.042153
1 0.681625 0.549119 0.011259 0.040637
2 0.717898 0.549160 0.010693 0.040281
4 0.990257 0.781779 0.015956 0.053141