4 0.435305 0.491041 0.009164 0.036586
4 0.141941 0.381889 0.006674 0.031752
0 0.369242 0.692227 0.004982 0.009359
1 0.378548 0.708771 0.010810 0.048798
2 0.306391 0.667153 0.010152 0.048209
1 0.336081 0.550710 0.008622 0.041286
2 0.366675 0.574815 0.009734 0.040545
1 0.395740 0.531427 0.009456 0.038320
2 0.418059 0.494343 0.009039 0.035847
2 0.493362 0.500895 0.007788 0.035600
1 0.496700 0.505097 0.008900 0.033622
2 0.492667 0.493354 0.009456 0.034859
2 0.506643 0.519931 0.008483 0.036589
1 0.517003 0.534393 0.010291 0.038814
2 0.502540 0.540203 0.010013 0.033128
1 0.546067 0.582602 0.008900 0.039803
2 0.458269 0.635101 0.009046 0.043899
2 0.117604 0.578291 0.011669 0.045301
1 0.163091 0.540187 0.010240 0.044454
2 0.157375 0.632694 0.016432 0.041491
1 0.200361 0.612796 0.011431 0.046571
2 0.174319 0.517925 0.009139 0.037911
1 0.674579 0.516535 0.010905 0.030890
2 0.492957 0.478755 0.007605 0.012449
4 0.667394 0.794851 0.012643 0.052219